[892420643555336193, 7010, 33829]
[892177421306343426, 5302, 29340]
[891815181378084864, 3482, 22070]
[891689557279858688, 7228, 36953]
[891327558926688256, 7765, 35288]
[891087950875897856, 2602, 17815]
[890971913173991426, 1666, 10369]
[890729181411237888, 15761, 56889]
[890609185150312448, 3624, 24531]
[890240255349198849, 6101, 27971]
[890006608113172480, 6154, 27052]
[889880896479866881, 4168, 24574]
[889665388333682689, 8353, 42074]
[889638837579907072, 3718, 23687]
[889531135344209921, 1884, 13358]
[889278841981685760, 4447, 22132]
[888917238123831296, 3765, 25652]
[888804989199671297, 3538, 22481]
[888554962724278272, 2879, 17322]
[888078434458587136, 2895, 19158]
[887705289381826560, 4536, 26635]
[887517139158093824, 9856, 40743]
[887473957103951883, 15031, 60214]
[887343217045368832, 8817, 29602]
[887101392804085760, 4993, 26995]
[886983233522544640, 6321, 30401]
[886680336477933568, 3737, 19742]
[886366144734445568, 2631, 18554]
[886267009285017600, 4, 105]
[886258384151887873, 5293, 24536]
[886054160059072513, 93, 0]
[885984800019947520, 5617, 28624]
[885528943205470208, 5331, 31614]
[885518971528720385, 3108, 18015]
[885311592912609280, 15442, 0]
[885167619883638784, 3670, 19267]
[884925521741709313, 15032, 67315]
[884876753390489601, 4676, 24393]
[884562892145688576, 3913, 21334]
[884441805382717440, 4793, 23874]
[884247878851493888, 16931, 63344]
[884162670584377345, 2506, 17948]
[883838122936631299, 2865, 19180]
[883482846933004288, 8274, 40221]
[883360690899218434, 3084, 19961]
[883117836046086144, 5538, 32527]
[882992080364220416, 3248, 20993]
[882762694511734784, 4099, 24808]
[882627270321602560, 5064, 24612]
[882268110199369728, 9636, 39213]
[882045870035918850, 4084, 25740]
[881906580714921986, 2855, 21453]
[881666595344535552, 8964, 44575]
[881633300179243008, 8, 113]
[881536004380872706, 13404, 43469]
[881268444196462592, 4494, 20494]
[880935762899988482, 2333, 15057]
[880872448815771648, 3200, 18720]
[880465832366813184, 5216, 25040]
[880221127280381952, 3468, 23681]
[880095782870896641, 3654, 24348]
[879862464715927552, 2930, 19716]
[879674319642796034, 9, 282]
[879492040517615616, 2628, 20718]
[879415818425184262, 37464, 92917]
[879376492567855104, 2651, 14868]
[879130579576475649, 5744, 0]
[879050749262655488, 3958, 19817]
[879008229531029506, 2244, 16788]
[878776093423087618, 3435, 17142]
[878604707211726852, 5930, 26446]
[878404777348136964, 1078, 0]
[878316110768087041, 5531, 0]
[878281511006478336, 1078, 6781]
[878057613040115712, 5744, 37158]
[877736472329191424, 15814, 69336]
[877611172832227328, 70, 0]
[877556246731214848, 3170, 19909]
[877316821321428993, 4348, 24166]
[877201837425926144, 4629, 23876]
[876838120628539392, 2805, 18222]
[876537666061221889, 3975, 21052]
[876484053909872640, 2002, 16576]
[876120275196170240, 3905, 24698]
[875747767867523072, 3584, 22123]
[875144289856114688, 4160, 19426]
[875097192612077568, 5118, 24253]
[875021211251597312, 3974, 22560]
[874680097055178752, 3919, 24611]
[874434818259525634, 12218, 0]
[874296783580663808, 3483, 22979]
[874057562936811520, 3378, 20130]
[874012996292530176, 8597, 30130]
[873580283840344065, 3344, 21388]
[873337748698140672, 1331, 0]
[873213775632977920, 1331, 6324]
[872967104147763200, 4564, 24092]
[872820683541237760, 3168, 13082]
[872620804844003328, 3068, 18332]
[872486979161796608, 7722, 36113]
[872122724285648897, 6833, 30248]
[871879754684805121, 9250, 33126]
[871762521631449091, 2970, 17899]
[871515927908634625, 2942, 17898]
[871166179821445120, 4896, 0]
[871102520638267392, 4685, 18558]
[871032628920680449, 3227, 20170]
[870804317367881728, 5284, 29817]
[870726314365509632, 3, 105]
[870656317836468226, 2210, 10899]
[870374049280663552, 22761, 73986]
[870308999962521604, 3550, 19492]
[870063196459192321, 7078, 32439]
[869772420881756160, 8699, 38041]
[869702957897576449, 5388, 25078]
[869596645499047938, 2640, 14219]
[869227993411051520, 3201, 18150]
[868880397819494401, 12266, 58018]
[868639477480148993, 1754, 0]
[868622495443632128, 4474, 23655]
[868552278524837888, 1754, 8972]
[867900495410671616, 3574, 21618]
[867774946302451713, 6258, 30288]
[867421006826221569, 2118, 14356]
[867072653475098625, 101, 0]
[867051520902168576, 6792, 28727]
[866720684873056260, 4133, 17882]
[866686824827068416, 2973, 17145]
[866450705531457537, 30222, 108950]
[866334964761202691, 12218, 46652]
[866094527597207552, 7172, 0]
[865718153858494464, 4853, 22948]
[865359393868664832, 4295, 23627]
[865006731092295680, 6677, 25056]
[864873206498414592, 7498, 28881]
[864279568663928832, 2585, 13079]
[864197398364647424, 7594, 26657]
[863907417377173506, 3594, 18458]
[863553081350529029, 3635, 13691]
[863471782782697472, 2092, 0]
[863432100342583297, 4561, 21324]
[863427515083354112, 80, 1961]
[863079547188785154, 953, 7911]
[863062471531167744, 2092, 7532]
[862831371563274240, 4461, 17229]
[862722525377298433, 3091, 15348]
[862457590147678208, 4258, 18297]
[862096992088072192, 20017, 66361]
[861383897657036800, 9275, 32322]
[861288531465048066, 3594, 15363]
[861005113778896900, 3340, 15004]
[860981674716409858, 1858, 0]
[860924035999428608, 679, 0]
[860563773140209665, 1858, 6732]
[860524505164394496, 4608, 21280]
[860276583193509888, 3075, 16597]
[860184849394610176, 5129, 15032]
[860177593139703809, 26778, 0]
[859924526012018688, 3587, 17655]
[859851578198683649, 3072, 13987]
[859607811541651456, 1366, 16848]
[859196978902773760, 26304, 80637]
[859074603037188101, 11982, 30463]
[858860390427611136, 7091, 0]
[858843525470990336, 3029, 14135]
[858471635011153920, 4267, 19509]
[858107933456039936, 2540, 14255]
[857989990357356544, 2269, 14503]
[857746408056729600, 9360, 30842]
[857393404942143489, 1444, 5315]
[857263160327368704, 3986, 18273]
[857214891891077121, 16, 204]
[857062103051644929, 148, 0]
[857029823797047296, 3493, 17064]
[856543823941562368, 2551, 14853]
[856526610513747968, 1654, 10833]
[856288084350160898, 15, 488]
[856282028240666624, 5586, 25267]
[855862651834028034, 21, 303]
[855860136149123072, 853, 4412]
[855857698524602368, 1864, 10868]
[855851453814013952, 16143, 41929]
[855818117272018944, 4820, 24297]
[855459453768019968, 7313, 27133]
[855245323840757760, 5274, 0]
[855138241867124737, 36, 0]
[854732716440526848, 5362, 20712]
[854482394044301312, 6035, 26619]
[854365224396361728, 4157, 17226]
[854120357044912130, 6602, 29268]
[854010172552949760, 2797, 14848]
[853760880890318849, 5118, 26119]
[853639147608842240, 8892, 31594]
[853299958564483072, 3174, 14188]
[852936405516943360, 1790, 0]
[852912242202992640, 1602, 8266]
[852672615818899456, 1915, 13662]
[852311364735569921, 8890, 30399]
[852226086759018497, 6104, 18372]
[852189679701164033, 1420, 10581]
[851591660324737024, 3129, 14982]
[851464819735769094, 6323, 22295]
[851224888060895234, 5178, 19074]
[850753642995093505, 8097, 28193]
[850380195714523136, 2335, 12097]
[850333567704068097, 301, 3196]
[850145622816686080, 3402, 15070]
[850019790995546112, 4382, 18811]
[849776966551130114, 6832, 27954]
[849668094696017920, 4455, 0]
[849412302885593088, 2836, 14694]
[849336543269576704, 1695, 10569]
[849051919805034497, 7643, 39076]
[848690551926992896, 3933, 23308]
[848324959059550208, 4167, 22870]
[848213670039564288, 646, 7548]
[848212111729840128, 2722, 15059]
[847978865427394560, 2929, 0]
[847971574464610304, 396, 0]
[847962785489326080, 4588, 21766]
[847842811428974592, 1193, 5022]
[847617282490613760, 376, 6475]
[847606175596138505, 3096, 17379]
[847251039262605312, 3925, 19005]
[847157206088847362, 5265, 18407]
[847116187444137987, 2881, 19903]
[846874817362120707, 3556, 18655]
[846514051647705089, 10408, 41277]
[846505985330044928, 2766, 13096]
[846153765933735936, 8190, 29145]
[846139713627017216, 9180, 28861]
[846042936437604353, 2595, 14843]
[845812042753855489, 7886, 27076]
[845677943972139009, 4389, 23483]
[845397057150107648, 1622, 7098]
[845306882940190720, 4871, 21666]
[845098359547420673, 6955, 0]
[844979544864018432, 2318, 12700]
[844973813909606400, 2861, 13955]
[844580511645339650, 2822, 15313]
[844223788422217728, 1994, 12721]
[843981021012017153, 2703, 14154]
[843856843873095681, 4176, 19998]
[843604394117681152, 2485, 15739]
[843235543001513987, 5430, 20013]
[842846295480000512, 3319, 14245]
[842765311967449089, 1177, 6304]
[842535590457499648, 3191, 16951]
[842163532590374912, 5274, 22782]
[842115215311396866, 2764, 13061]
[841833993020538882, 13606, 0]
[841680585030541313, 7173, 24081]
[841439858740625411, 3340, 11761]
[841320156043304961, 5031, 18448]
[841314665196081154, 4246, 14777]
[841077006473256960, 4896, 21375]
[840761248237133825, 1622, 0]
[840728873075638272, 14625, 0]
[840698636975636481, 2, 165]
[840696689258311684, 892, 11505]
[840632337062862849, 1622, 8443]
[840370681858686976, 4188, 15352]
[840268004936019968, 5234, 17939]
[839990271299457024, 2073, 12562]
[839549326359670784, 7091, 25633]
[839290600511926273, 133, 0]
[839239871831150596, 5957, 25276]
[838952994649550848, 3668, 18411]
[838921590096166913, 1859, 10440]
[838916489579200512, 31, 0]
[838831947270979586, 10059, 0]
[838561493054533637, 1234, 10267]
[838476387338051585, 4355, 21021]
[838201503651401729, 9228, 0]
[838150277551247360, 304, 1570]
[838085839343206401, 1, 133]
[838083903487373313, 2851, 16499]
[837820167694528512, 7172, 31893]
[837482249356513284, 409, 3616]
[837471256429613056, 2065, 12010]
[837110210464448512, 2186, 15090]
[836989968035819520, 2121, 11980]
[836753516572119041, 4272, 18169]
[836677758902222849, 2028, 11847]
[836648853927522308, 509, 0]
[836397794269200385, 25146, 0]
[836380477523124226, 2750, 13931]
[836260088725786625, 3989, 19990]
[836001077879255040, 3903, 17939]
[835685285446955009, 7440, 0]
[835574547218894849, 3307, 16693]
[835536468978302976, 1548, 0]
[835309094223372289, 19215, 0]
[835297930240217089, 2748, 15466]
[835264098648616962, 1548, 7251]
[835246439529840640, 63, 1992]
[835172783151792128, 5308, 24619]
[835152434251116546, 2765, 20991]
[834931633769889797, 1496, 10126]
[834786237630337024, 5118, 20257]
[834574053763584002, 2319, 12838]
[834477809192075265, 9794, 0]
[834458053273591808, 1553, 9049]
[834209720923721728, 4340, 19294]
[834167344700198914, 3372, 14864]
[834089966724603904, 1971, 9465]
[834086379323871233, 2045, 12268]
[833863086058651648, 2216, 12650]
[833826103416520705, 3495, 17104]
[833732339549220864, 205, 0]
[833722901757046785, 3005, 19727]
[833479644947025920, 1895, 14041]
[833124694597443584, 4455, 19023]
[832998151111966721, 2026, 12461]
[832769181346996225, 38, 0]
[832757312314028032, 3328, 15881]
[832682457690300417, 2670, 11166]
[832645525019123713, 485, 2745]
[832636094638288896, 2570, 14936]
[832397543355072512, 2040, 11259]
[832369877331693569, 2929, 16113]
[832273440279240704, 2150, 10669]
[832215909146226688, 5738, 0]
[832215726631055365, 8604, 0]
[832088576586297345, 2, 59]
[832040443403784192, 8842, 0]
[832032802820481025, 4309, 16799]
[831939777352105988, 5669, 22510]
[831926988323639298, 34, 319]
[831911600680497154, 5994, 25891]
[831670449226514432, 1690, 9813]
[831650051525054464, 1790, 6694]
[831552930092285952, 2165, 8473]
[831322785565769729, 1447, 8765]
[831315979191906304, 1040, 6182]
[831309418084069378, 2275, 11112]
[831262627380748289, 1895, 11190]
[830956169170665475, 1379, 7527]
[830583320585068544, 15442, 62546]
[830173239259324417, 5255, 0]
[830097400375152640, 2706, 9184]
[829878982036299777, 4617, 0]
[829861396166877184, 1797, 11546]
[829501995190984704, 9794, 29928]
[829449946868879360, 1864, 9898]
[829141528400556032, 6785, 22942]
[829011960981237760, 15137, 50337]
[828801551087042563, 3169, 0]
[828770345708580865, 5407, 24134]
[828708714936930305, 10351, 34316]
[828650029636317184, 1243, 8968]
[828409743546925057, 1082, 6051]
[828408677031882754, 1189, 7263]
[828381636999917570, 2065, 11890]
[828376505180889089, 996, 6992]
[828372645993398273, 2730, 11884]
[828361771580813312, 165, 2073]
[828046555563323392, 2660, 11071]
[828011680017821696, 1999, 9786]
[827933404142436356, 4843, 18879]
[827653905312006145, 2798, 14611]
[827600520311402496, 865, 7064]
[827324948884643840, 2812, 14969]
[827199976799354881, 2064, 10011]
[826958653328592898, 4617, 20342]
[826848821049180160, 9356, 34080]
[826615380357632002, 3686, 0]
[826598799820865537, 230, 4865]
[826598365270007810, 2183, 9460]
[826476773533745153, 3896, 17394]
[826204788643753985, 856, 4602]
[826115272272650244, 2875, 14752]
[825876512159186944, 1738, 9930]
[825829644528148480, 2338, 12034]
[825535076884762624, 16367, 54012]
[825147591692263424, 4190, 17275]
[825120256414846976, 1168, 0]
[825026590719483904, 1168, 5915]
[824796380199809024, 5108, 0]
[824775126675836928, 3278, 14073]
[824663926340194305, 1649, 9946]
[824325613288833024, 9898, 11188]
[824297048279236611, 3572, 14238]
[824025158776213504, 558, 4582]
[823939628516474880, 2541, 10062]
[823719002937630720, 10371, 0]
[823699002998870016, 2336, 13222]
[823581115634085888, 2448, 12280]
[823333489516937216, 22, 662]
[823322678127919110, 3720, 14840]
[823269594223824897, 9241, 0]
[822975315408461824, 3200, 16382]
[822872901745569793, 39940, 124162]
[822859134160621569, 2111, 12466]
[822647212903690241, 5959, 0]
[822610361945911296, 2736, 13983]
[822489057087389700, 5959, 17131]
[822462944365645825, 13164, 26332]
[822244816520155136, 9241, 33128]
[822163064745328640, 4385, 0]
[821886076407029760, 2144, 10682]
[821813639212650496, 3127, 0]
[821765923262631936, 1557, 7910]
[821522889702862852, 1633, 7576]
[821421320206483457, 5131, 0]
[821407182352777218, 3997, 11112]
[821153421864615936, 9, 236]
[821149554670182400, 1826, 8116]
[821107785811234820, 1975, 9079]
[821044531881721856, 2127, 11970]
[820837357901512704, 6246, 0]
[820749716845686786, 9228, 29856]
[820690176645140481, 3004, 11594]
[820494788566847489, 523, 0]
[820446719150292993, 2396, 0]
[820314633777061888, 523, 3163]
[820078625395449857, 5798, 18664]
[820013781606658049, 1082, 0]
[819952236453363712, 1082, 5019]
[819924195358416896, 4550, 12245]
[819711362133872643, 2878, 12628]
[819588359383371776, 1870, 9166]
[819347104292290561, 1116, 6849]
[819238181065359361, 379, 2141]
[819227688460238848, 6246, 21805]
[819015337530290176, 34559, 0]
[819015331746349057, 17806, 0]
[819006400881917954, 17806, 43058]
[819004803107983360, 34559, 82731]
[818646164899774465, 19466, 0]
[818627210458333184, 7063, 21242]
[818614493328580609, 2355, 9312]
[818588835076603904, 5700, 0]
[818536468981415936, 2274, 10282]
[818307523543449600, 7470, 0]
[818259473185828864, 2088, 10425]
[818145370475810820, 2370, 11625]
[817908911860748288, 741, 4610]
[817827839487737858, 25146, 48673]
[817777686764523521, 2521, 10230]
[817536400337801217, 2731, 11134]
[817502432452313088, 3146, 0]
[817423860136083457, 13606, 31889]
[817415592588222464, 890, 5300]
[817181837579653120, 7875, 0]
[817171292965273600, 1871, 8317]
[817120970343411712, 2415, 11551]
[817056546584727552, 1519, 8146]
[816829038950027264, 4396, 0]
[816816676327063552, 1898, 9486]
[816697700272001025, 2059, 9250]
[816450570814898180, 7470, 28732]
[816336735214911488, 1804, 8171]
[816091915477250048, 1991, 8485]
[816062466425819140, 944, 0]
[816014286006976512, 4888, 0]
[815990720817401858, 944, 4692]
[815966073409433600, 7875, 21149]
[815745968457060357, 3862, 0]
[815736392542261248, 2122, 9315]
[815639385530101762, 1555, 7828]
[815390420867969024, 3573, 9833]
[814986499976527872, 1187, 7259]
[814638523311648768, 2527, 10699]
[814578408554463233, 5465, 0]
[814530161257443328, 1742, 8221]
[814153002265309185, 8116, 27279]
[813944609378369540, 2960, 0]
[813910438903693312, 1735, 8860]
[813812741911748608, 13044, 34660]
[813800681631023104, 1650, 7885]
[813217897535406080, 6852, 17704]
[813202720496779264, 1707, 8776]
[813187593374461952, 4048, 18849]
[813172488309972993, 1809, 8815]
[813157409116065792, 2067, 7385]
[813142292504645637, 2245, 8090]
[813130366689148928, 418, 4264]
[813127251579564032, 2924, 11217]
[813112105746448384, 2572, 9800]
[813096984823349248, 3391, 10044]
[813081950185472002, 2598, 9426]
[813066809284972545, 1830, 7546]
[813051746834595840, 6867, 19932]
[812781120811126785, 1787, 7160]
[812709060537683968, 1353, 6296]
[812503143955202048, 1148, 5745]
[812466873996607488, 1802, 7578]
[812372279581671427, 3427, 12947]
[811985624773361665, 1312, 6919]
[811744202451197953, 1479, 7165]
[811647686436880384, 682, 5323]
[811627233043480576, 2856, 12084]
[811386762094317568, 5989, 19877]
[810984652412424192, 1334, 5061]
[810896069567610880, 1646, 8551]
[810657578271330305, 2471, 10435]
[810284430598270976, 10503, 33349]
[810254108431155201, 3169, 13987]
[809920764300447744, 3686, 14793]
[809808892968534016, 4584, 0]
[809448704142938112, 1371, 6614]
[809220051211603969, 5255, 18907]
[809084759137812480, 3307, 12572]
[808838249661788160, 2868, 9649]
[808733504066486276, 2034, 7515]
[808501579447930884, 2456, 10763]
[808344865868283904, 19466, 40241]
[808134635716833280, 5526, 0]
[808106460588765185, 2071, 8394]
[808001312164028416, 3318, 11863]
[807621403335917568, 3392, 13871]
[807106840509214720, 51714, 111749]
[807059379405148160, 6898, 0]
[807010152071229440, 3638, 12487]
[806629075125202948, 32411, 70676]
[806620845233815552, 5150, 0]
[806576416489959424, 1826, 4665]
[806542213899489280, 2218, 9745]
[806242860592926720, 10894, 0]
[806219024703037440, 1134, 6140]
[805958939288408065, 5020, 0]
[805932879469572096, 1803, 7892]
[805826884734976000, 1717, 6247]
[805823200554876929, 7484, 0]
[805520635690676224, 1552, 5487]
[805487436403003392, 2382, 8358]
[805207613751304193, 1629, 7485]
[804738756058218496, 3604, 13004]
[804475857670639616, 1892, 5851]
[804413760345620481, 3013, 0]
[804026241225523202, 15071, 42106]
[803773340896923648, 2591, 9567]
[803692223237865472, 6933, 0]
[803638050916102144, 3887, 10387]
[803380650405482500, 1770, 7400]
[803321560782307329, 4963, 0]
[803276597545603072, 2301, 9564]
[802952499103731712, 1875, 8585]
[802624713319034886, 2728, 0]
[802600418706604034, 1385, 6770]
[802572683846291456, 2360, 8525]
[802323869084381190, 5488, 15355]
[802265048156610565, 1299, 6627]
[802239329049477120, 2460, 8656]
[802185808107208704, 251, 0]
[801958328846974976, 1598, 7370]
[801854953262350336, 219, 1726]
[801538201127157760, 1954, 7825]
[801285448605831168, 773, 5748]
[801167903437357056, 5526, 23203]
[801127390143516673, 3703, 0]
[801115127852503040, 1986, 7685]
[800859414831898624, 91, 647]
[800855607700029440, 1520, 0]
[800751577355128832, 2638, 10098]
[800513324630806528, 2834, 12509]
[800459316964663297, 2063, 9053]
[800443802682937345, 4030, 0]
[800388270626521089, 2638, 10630]
[800188575492947969, 3698, 0]
[800141422401830912, 2396, 14524]
[800018252395122689, 12337, 26936]
[799774291445383169, 4376, 0]
[799757965289017345, 2005, 7983]
[799422933579902976, 1801, 7693]
[799308762079035393, 5095, 0]
[799297110730567681, 2569, 9395]
[799063482566066176, 2342, 7699]
[798933969379225600, 4162, 12437]
[798925684722855936, 1363, 7163]
[798705661114773508, 6225, 0]
[798701998996647937, 7258, 0]
[798697898615730177, 6104, 0]
[798694562394996736, 4645, 0]
[798686750113755136, 2181, 0]
[798682547630837760, 4438, 0]
[798673117451325440, 5228, 0]
[798665375516884993, 3679, 0]
[798644042770751489, 1747, 0]
[798628517273620480, 1867, 0]
[798585098161549313, 5279, 0]
[798576900688019456, 5492, 0]
[798340744599797760, 3143, 0]
[798209839306514432, 2425, 9931]
[797971864723324932, 2893, 10968]
[797545162159308800, 4623, 13892]
[797236660651966464, 6168, 18955]
[797165961484890113, 24, 214]
[796904159865868288, 8360, 0]
[796865951799083009, 1830, 7322]
[796759840936919040, 2838, 11220]
[796563435802726400, 6755, 0]
[796484825502875648, 1654, 7194]
[796387464403357696, 3895, 10471]
[796177847564038144, 13391, 0]
[796149749086875649, 13391, 30557]
[796125600683540480, 1686, 4739]
[796116448414461957, 2254, 8652]
[796080075804475393, 2173, 8028]
[796031486298386433, 3505, 10284]
[795464331001561088, 22000, 46850]
[795400264262053889, 2688, 9522]
[795076730285391872, 5108, 15358]
[794983741416415232, 3162, 0]
[794926597468000259, 2164, 9694]
[794355576146903043, 9674, 0]
[794332329137291264, 2541, 9144]
[794205286408003585, 3117, 8780]
[793962221541933056, 4584, 15922]
[793845145112371200, 1750, 8783]
[793614319594401792, 2932, 0]
[793601777308463104, 1519, 7589]
[793500921481273345, 2237, 10137]
[793286476301799424, 8604, 23370]
[793271401113350145, 2250, 8263]
[793256262322548741, 7814, 18957]
[793241302385262592, 3082, 10003]
[793226087023144960, 2721, 9294]
[793210959003287553, 2614, 8489]
[793195938047070209, 5282, 14470]
[793180763617361921, 1867, 6575]
[793165685325201412, 2631, 8915]
[793150605191548928, 1598, 5860]
[793135492858580992, 2363, 6092]
[793120401413079041, 3693, 12039]
[792913359805018113, 3719, 13617]
[792883833364439040, 4008, 10723]
[792773781206999040, 1574, 7007]
[792394556390137856, 4020, 12742]
[792050063153438720, 1674, 6784]
[791821351946420224, 19733, 0]
[791784077045166082, 8915, 0]
[791780927877898241, 3563, 0]
[791774931465953280, 20791, 42812]
[791672322847637504, 2932, 11161]
[791406955684368384, 3862, 12497]
[791312159183634433, 2369, 8330]
[791026214425268224, 3822, 0]
[790987426131050500, 1992, 9316]
[790946055508652032, 4396, 15878]
[790723298204217344, 2148, 0]
[790698755171364864, 1809, 7811]
[790581949425475584, 6656, 19589]
[790337589677002753, 1770, 7426]
[790277117346975746, 2960, 11916]
[790227638568808452, 3316, 0]
[789986466051088384, 2148, 8813]
[789960241177853952, 3841, 0]
[789903600034189313, 3889, 9799]
[789628658055020548, 1652, 7088]
[789599242079838210, 1797, 6387]
[789530877013393408, 3162, 11098]
[789314372632018944, 2141, 8204]
[789280767834746880, 4594, 0]
[789268448748703744, 2450, 8672]
[789137962068021249, 2610, 9232]
[788908386943430656, 11723, 26100]
[788765914992902144, 9674, 25932]
[788552643979468800, 6672, 0]
[788412144018661376, 4934, 14743]
[788178268662984705, 1981, 6909]
[788150585577050112, 1202, 5796]
[788070120937619456, 3217, 0]
[788039637453406209, 1231, 5803]
[787717603741622272, 2589, 9715]
[787397959788929025, 2670, 10346]
[787322443945877504, 1628, 7406]
[787111942498508800, 6302, 0]
[786963064373534720, 7440, 25307]
[786729988674449408, 2277, 0]
[786709082849828864, 5738, 17383]
[786664955043049472, 2368, 10059]
[786595970293370880, 2922, 8991]
[786363235746385920, 3223, 10289]
[786286427768250368, 2651, 7568]
[786233965241827333, 4385, 14422]
[786051337297522688, 148, 1355]
[786036967502913536, 6507, 0]
[785927819176054784, 2993, 10825]
[785872687017132033, 1674, 6351]
[785639753186217984, 2106, 7465]
[785533386513321988, 1843, 8604]
[785515384317313025, 1166, 5800]
[785264754247995392, 1520, 6913]
[785170936622350336, 4505, 11388]
[784826020293709826, 3013, 9585]
[784517518371221505, 2369, 8504]
[784431430411685888, 1184, 5451]
[784183165795655680, 7484, 18981]
[784057939640352768, 10371, 28137]
[783839966405230592, 10059, 28424]
[783821107061198850, 1830, 6996]
[783695101801398276, 2992, 9882]
[783466772167098368, 2077, 7990]
[783391753726550016, 5099, 16014]
[783347506784731136, 5151, 0]
[783334639985389568, 10894, 27519]
[783085703974514689, 2022, 7744]
[782969140009107456, 6898, 22840]
[782747134529531904, 1319, 7077]
[782722598790725632, 5020, 16312]
[782598640137187329, 1768, 7388]
[782305867769217024, 5131, 15728]
[782021823840026624, 5744, 0]
[781955203444699136, 3141, 10580]
[781661882474196992, 2529, 9889]
[781655249211752448, 1053, 3787]
[781524693396357120, 5150, 19607]
[781308096455073793, 2385, 6755]
[781251288990355457, 1931, 7927]
[781163403222056960, 2584, 9284]
[780931614150983680, 6755, 20501]
[780858289093574656, 1868, 6810]
[780800785462489090, 1202, 5196]
[780601303617732608, 3127, 11434]
[780543529827336192, 1628, 5954]
[780496263422808064, 3428, 0]
[780476555013349377, 103, 0]
[780459368902959104, 1005, 5002]
[780192070812196864, 2091, 8224]
[780092040432480260, 2139, 0]
[780074436359819264, 4575, 11436]
[779834332596887552, 6507, 17776]
[779377524342161408, 2892, 8262]
[779124354206535695, 17038, 0]
[779056095788752897, 4215, 13914]
[778990705243029504, 6663, 18767]
[778774459159379968, 9165, 0]
[778764940568104960, 338, 823]
[778748913645780993, 1208, 6467]
[778650543019483137, 1393, 5429]
[778624900596654080, 943, 4346]
[778408200802557953, 4011, 12876]
[778396591732486144, 11350, 0]
[778383385161035776, 1019, 5508]
[778286810187399168, 3065, 9747]
[778039087836069888, 2469, 7997]
[778027034220126208, 1494, 6203]
[777953400541634568, 3273, 0]
[777885040357281792, 1517, 5999]
[777684233540206592, 2728, 10632]
[777641927919427584, 3924, 0]
[777621514455814149, 2344, 8229]
[777189768882946048, 3988, 13336]
[776819012571455488, 12619, 0]
[776813020089548800, 1114, 4608]
[776477788987613185, 2562, 8256]
[776249906839351296, 8473, 0]
[776218204058357768, 14746, 28130]
[776201521193218049, 2337, 9035]
[776113305656188928, 4030, 11128]
[776088319444877312, 141, 1717]
[775898661951791106, 15549, 0]
[775842724423557120, 2466, 11044]
[775733305207554048, 3703, 13094]
[775729183532220416, 4282, 12282]
[775364825476165632, 2717, 6953]
[775350846108426240, 3629, 9587]
[775085132600442880, 4376, 14635]
[774757898236878852, 1656, 8142]
[774639387460112384, 1616, 6368]
[774314403806253056, 5095, 20564]
[773985732834758656, 3589, 10171]
[773922284943896577, 1629, 6064]
[773704687002451968, 1498, 6242]
[773670353721753600, 1225, 5060]
[773547596996571136, 5700, 20836]
[773336787167145985, 4677, 0]
[773308824254029826, 6955, 22000]
[773247561583001600, 3008, 8891]
[773191612633579521, 3809, 9401]
[772877495989305348, 3581, 8055]
[772826264096874500, 2212, 7574]
[772615324260794368, 3122, 0]
[772581559778025472, 1588, 6118]
[772193107915964416, 1291, 5686]
[772152991789019136, 1054, 3596]
[772117678702071809, 688, 3556]
[772114945936949249, 440, 2585]
[772102971039580160, 866, 3777]
[771908950375665664, 1758, 6194]
[771770456517009408, 3143, 11299]
[771500966810099713, 2423, 7782]
[771380798096281600, 4677, 9925]
[771171053431250945, 6903, 0]
[771136648247640064, 2711, 8618]
[771102124360998913, 1337, 5869]
[771014301343748096, 1539, 6492]
[770787852854652928, 1105, 4625]
[770772759874076672, 1328, 4894]
[770655142660169732, 1670, 6932]
[770414278348247044, 1928, 5952]
[770293558247038976, 1357, 5859]
[770093767776997377, 2818, 0]
[770069151037685760, 2127, 7154]
[769940425801170949, 8842, 29322]
[769695466921623552, 1564, 6050]
[769335591808995329, 7135, 0]
[769212283578875904, 1601, 5089]
[768970937022709760, 6006, 13417]
[768909767477751808, 2444, 0]
[768855141948723200, 827, 3941]
[768609597686943744, 1099, 3864]
[768596291618299904, 1189, 4739]
[768554158521745409, 5390, 0]
[768473857036525572, 3163, 12787]
[768193404517830656, 3273, 10205]
[767884188863397888, 1266, 4473]
[767754930266464257, 4963, 15001]
[767500508068192258, 2152, 7066]
[767191397493538821, 3481, 11553]
[767122157629476866, 2652, 9563]
[766793450729734144, 1260, 4755]
[766714921925144576, 348, 2466]
[766693177336135680, 730, 3800]
[766423258543644672, 1459, 5646]
[766313316352462849, 1735, 6349]
[766078092750233600, 2424, 0]
[766069199026450432, 778, 3952]
[766008592277377025, 461, 3544]
[765719909049503744, 1997, 6812]
[765669560888528897, 1133, 4860]
[765395769549590528, 3119, 25139]
[765371061932261376, 2007, 6686]
[765222098633691136, 3122, 10943]
[764857477905154048, 1650, 6091]
[764259802650378240, 1395, 5649]
[763956972077010945, 50, 734]
[763837565564780549, 3822, 11780]
[763183847194451968, 1359, 5066]
[763167063695355904, 2755, 0]
[763103485927849985, 2125, 6942]
[762699858130116608, 3316, 11377]
[762471784394268675, 5926, 10525]
[762464539388485633, 3841, 9659]
[762316489655476224, 1030, 4508]
[762035686371364864, 14317, 29852]
[761976711479193600, 1830, 5052]
[761750502866649088, 3590, 0]
[761745352076779520, 794, 4027]
[761672994376806400, 26778, 46327]
[761599872357261312, 1102, 3889]
[761371037149827077, 16673, 0]
[761334018830917632, 1342, 4838]
[761292947749015552, 1001, 4200]
[761227390836215808, 1447, 5010]
[761004547850530816, 3217, 10660]
[760893934457552897, 890, 3578]
[760656994973933572, 1753, 6187]
[760641137271070720, 1190, 4685]
[760539183865880579, 3349, 7086]
[760521673607086080, 1288, 3929]
[760290219849637889, 10582, 25113]
[760252756032651264, 798, 3714]
[760190180481531904, 1655, 5362]
[760153949710192640, 28, 0]
[759943073749200896, 1934, 5541]
[759846353224826880, 1801, 6300]
[759793422261743616, 1764, 5591]
[759557299618865152, 1106, 4408]
[759447681597108224, 2277, 7954]
[759446261539934208, 454, 1566]
[759197388317847553, 1804, 5706]
[759159934323924993, 1068, 0]
[759099523532779520, 3829, 13645]
[759047813560868866, 1852, 6082]
[758854675097526272, 843, 3331]
[758828659922702336, 3559, 10493]
[758740312047005698, 1500, 5386]
[758474966123810816, 918, 3566]
[758467244762497024, 2031, 4482]
[758405701903519748, 1767, 4884]
[758355060040593408, 967, 3163]
[758099635764359168, 9165, 17752]
[758041019896193024, 339, 2538]
[757741869644341248, 3031, 6433]
[757729163776290825, 7216, 0]
[757725642876129280, 1114, 4259]
[757611664640446465, 1011, 4298]
[757597904299253760, 278, 0]
[757596066325864448, 959, 4080]
[757400162377592832, 6331, 14162]
[757393109802180609, 1580, 5456]
[757354760399941633, 1302, 4218]
[756998049151549440, 1836, 5882]
[756939218950160384, 1843, 6230]
[756651752796094464, 1193, 4709]
[756526248105566208, 3306, 9727]
[756303284449767430, 1006, 3707]
[756288534030475264, 16338, 41254]
[756275833623502848, 1408, 5988]
[755955933503782912, 2635, 6835]
[755206590534418437, 4916, 15329]
[755110668769038337, 10201, 19777]
[754874841593970688, 7254, 0]
[754856583969079297, 2312, 6457]
[754747087846248448, 478, 2424]
[754482103782404096, 1794, 4943]
[754449512966619136, 673, 3512]
[754120377874386944, 2164, 7407]
[753655901052166144, 1998, 5465]
[753420520834629632, 3240, 7361]
[753398408988139520, 1734, 5364]
[753375668877008896, 2139, 7157]
[753298634498793472, 5216, 0]
[753294487569522689, 961, 3132]
[753039830821511168, 19215, 34639]
[753026973505581056, 879, 3661]
[752932432744185856, 6302, 11777]
[752917284578922496, 1444, 6515]
[752701944171524096, 2622, 0]
[752682090207055872, 1463, 5615]
[752660715232722944, 1425, 4085]
[752568224206688256, 2090, 5122]
[752519690950500352, 3157, 6872]
[752334515931054080, 1010, 3599]
[752309394570878976, 14914, 0]
[752173152931807232, 1674, 5555]
[751950017322246144, 832, 2855]
[751937170840121344, 1202, 4842]
[751830394383790080, 1791, 5448]
[751793661361422336, 2622, 5404]
[751598357617971201, 2834, 7423]
[751583847268179968, 1006, 4113]
[751538714308972544, 1149, 4730]
[751456908746354688, 925, 3016]
[751251247299190784, 5398, 11750]
[751205363882532864, 1668, 5914]
[751132876104687617, 1188, 4734]
[750868782890057730, 1252, 4473]
[750719632563142656, 4594, 12278]
[750506206503038976, 1056, 4145]
[750429297815552001, 3924, 12315]
[750383411068534784, 1042, 4272]
[750381685133418496, 27, 670]
[750147208377409536, 877, 2917]
[750132105863102464, 1184, 3378]
[750117059602808832, 1213, 4059]
[750101899009982464, 777, 2853]
[750086836815486976, 493, 2028]
[750071704093859840, 3038, 7262]
[750056684286914561, 822, 2961]
[750041628174217216, 568, 2971]
[750026558547456000, 721, 2536]
[750011400160841729, 821, 3018]
[749996283729883136, 758, 2838]
[749981277374128128, 2279, 4787]
[749774190421639168, 1213, 4359]
[749417653287129088, 1518, 5699]
[749403093750648834, 493, 2445]
[749395845976588288, 3158, 7974]
[749317047558017024, 2052, 5107]
[749075273010798592, 1890, 5377]
[749064354620928000, 1409, 4508]
[749036806121881602, 731, 2886]
[748977405889503236, 3138, 10048]
[748932637671223296, 2064, 5416]
[748705597323898880, 879, 2589]
[748699167502000129, 1460, 4421]
[748692773788876800, 1230, 3962]
[748575535303884801, 1814, 5644]
[748568946752774144, 611, 2051]
[748346686624440324, 1124, 4865]
[748337862848962560, 3742, 7075]
[748324050481647620, 695, 3463]
[748307329658011649, 656, 3450]
[748220828303695873, 7128, 13162]
[747963614829678593, 1961, 5394]
[747933425676525569, 2361, 6182]
[747885874273214464, 882, 2728]
[747844099428986880, 677, 2633]
[747816857231626240, 1061, 4506]
[747651430853525504, 144, 1276]
[747648653817413632, 5342, 11994]
[747600769478692864, 523, 2172]
[747594051852075008, 951, 3429]
[747512671126323200, 1478, 5142]
[747461612269887489, 950, 3601]
[747439450712596480, 1753, 5046]
[747242308580548608, 2638, 0]
[747219827526344708, 1444, 4902]
[747204161125646336, 833, 3130]
[747103485104099331, 3632, 8907]
[746906459439529985, 271, 2726]
[746872823977771008, 1953, 5585]
[746818907684614144, 1599, 4956]
[746790600704425984, 1467, 4531]
[746757706116112384, 3563, 8863]
[746726898085036033, 1642, 5644]
[746542875601690625, 1748, 4700]
[746521445350707200, 901, 0]
[746507379341139972, 991, 4346]
[746369468511756288, 1491, 5774]
[746131877086527488, 2006, 6408]
[746056683365994496, 743, 3328]
[745789745784041472, 966, 3680]
[745712589599014916, 2134, 6516]
[745433870967832576, 2314, 6553]
[745422732645535745, 2208, 7953]
[745314880350101504, 2486, 6616]
[745074613265149952, 3189, 7290]
[745057283344719872, 2057, 6765]
[744995568523612160, 569, 2751]
[744971049620602880, 2451, 7315]
[744709971296780288, 1442, 5233]
[744334592493166593, 1938, 6345]
[744234799360020481, 70784, 144952]
[744223424764059648, 327, 1535]
[743980027717509120, 1006, 3905]
[743895849529389061, 881, 3410]
[743835915802583040, 1875, 0]
[743609206067040256, 1270, 4166]
[743595368194129920, 5969, 16999]
[743545585370791937, 863, 3286]
[743510151680958465, 3422, 7421]
[743253157753532416, 1125, 3938]
[743222593470234624, 1745, 5742]
[743210557239623680, 1239, 3559]
[742534281772302336, 3286, 6574]
[742528092657332225, 1797, 4115]
[742465774154047488, 3611, 6767]
[742423170473463808, 3428, 9117]
[742385895052087300, 1780, 6298]
[742161199639494656, 1249, 4013]
[742150209887731712, 1402, 4724]
[741793263812808706, 1388, 4220]
[741743634094141440, 2506, 7558]
[741438259667034112, 749, 3421]
[741303864243200000, 2930, 8145]
[741099773336379392, 5032, 9248]
[741067306818797568, 2818, 8876]
[740995100998766593, 2478, 5839]
[740711788199743490, 865, 3153]
[740699697422163968, 710, 2652]
[740676976021798912, 6225, 16862]
[740373189193256964, 12150, 32623]
[740365076218183684, 389, 2254]
[740359016048689152, 798, 3052]
[740214038584557568, 1791, 6197]
[739979191639244800, 5390, 18537]
[739932936087216128, 988, 3764]
[739844404073074688, 791, 3535]
[739623569819336705, 1242, 3504]
[739606147276148736, 1496, 5003]
[739544079319588864, 19291, 36521]
[739485634323156992, 2645, 6614]
[739238157791694849, 52928, 107301]
[738891149612572673, 6, 91]
[738885046782832640, 1047, 3506]
[738883359779196928, 724, 3054]
[738537504001953792, 1401, 4713]
[738402415918125056, 744, 3020]
[738184450748633089, 1109, 3986]
[738166403467907072, 3043, 8095]
[738156290900254721, 587, 2293]
[737826014890496000, 1611, 4844]
[737800304142471168, 3179, 9293]
[737678689543020544, 1203, 4641]
[737445876994609152, 4072, 9473]
[737322739594330112, 737, 3329]
[737310737551491075, 6764, 13557]
[736736130620620800, 1545, 3892]
[736392552031657984, 6672, 16375]
[736365877722001409, 1118, 3685]
[736225175608430592, 2551, 7505]
[736010884653420544, 2711, 7265]
[735991953473572864, 1038, 3304]
[735648611367784448, 1017, 3738]
[735635087207878657, 2148, 5680]
[735274964362878976, 4555, 12061]
[735256018284875776, 804, 3076]
[735137028879360001, 886, 2886]
[734912297295085568, 472, 2551]
[734787690684657664, 5768, 11588]
[734776360183431168, 489, 2328]
[734559631394082816, 355, 1378]
[733828123016450049, 718, 3312]
[733822306246479872, 932, 3393]
[733482008106668032, 855, 2885]
[733460102733135873, 1141, 3878]
[732732193018155009, 484, 2234]
[732726085725589504, 801, 3299]
[732585889486888962, 713, 3368]
[732375214819057664, 2288, 7447]
[732005617171337216, 4888, 13720]
[731285275100512256, 904, 3226]
[731156023742988288, 1145, 3554]
[730924654643314689, 1792, 5658]
[730573383004487680, 1919, 4479]
[730427201120833536, 942, 3212]
[730211855403241472, 960, 3509]
[730196704625098752, 1710, 4452]
[729854734790754305, 1018, 3723]
[729838605770891264, 339, 1604]
[729823566028484608, 1128, 3664]
[729463711119904772, 2100, 5333]
[729113531270991872, 288, 1743]
[728986383096946689, 742, 2897]
[728760639972315136, 1547, 4304]
[728751179681943552, 619, 2554]
[728653952833728512, 949, 3068]
[728409960103686147, 1827, 4511]
[728387165835677696, 880, 3432]
[728046963732717569, 1086, 3952]
[728035342121635841, 1516, 4170]
[728015554473250816, 993, 3798]
[727685679342333952, 577, 2737]
[727644517743104000, 1592, 5404]
[727524757080539137, 1089, 4122]
[727314416056803329, 673, 3073]
[727286334147182592, 748, 2834]
[727175381690781696, 1247, 3604]
[727155742655025152, 1202, 3336]
[726935089318363137, 2214, 6324]
[726887082820554753, 1372, 3537]
[726828223124897792, 920, 3312]
[726224900189511680, 1044, 4091]
[725842289046749185, 2424, 6537]
[725786712245440512, 1250, 3855]
[725729321944506368, 1611, 4807]
[725458796924002305, 557, 1308]
[724983749226668032, 1172, 3452]
[724771698126512129, 568, 2163]
[724405726123311104, 1517, 4883]
[724049859469295616, 1624, 3988]
[724046343203856385, 513, 2458]
[724004602748780546, 1395, 3841]
[723912936180330496, 1129, 3599]
[723688335806480385, 2650, 7059]
[723673163800948736, 816, 2795]
[723179728551723008, 1696, 4876]
[722974582966214656, 1443, 3779]
[722613351520608256, 1496, 4596]
[721001180231503872, 552, 2351]
[720785406564900865, 700, 2865]
[720775346191278080, 572, 2260]
[720415127506415616, 1367, 3808]
[720389942216527872, 2270, 5884]
[720340705894408192, 882, 2630]
[720059472081784833, 1022, 3566]
[720043174954147842, 1822, 4587]
[719991154352222208, 1600, 4496]
[719704490224398336, 1302, 4190]
[719551379208073216, 1717, 4659]
[719367763014393856, 692, 2606]
[719339463458033665, 1122, 4117]
[719332531645071360, 861, 3185]
[718971898235854848, 986, 3219]
[718939241951195136, 1588, 4814]
[718631497683582976, 7258, 17402]
[718613305783398402, 430, 2265]
[718540630683709445, 927, 2245]
[718460005985447936, 480, 2512]
[718454725339934721, 1384, 4518]
[718246886998687744, 448, 1766]
[718234618122661888, 915, 3576]
[717841801130979328, 545, 2281]
[717790033953034240, 991, 2638]
[717537687239008257, 1667, 5335]
[717428917016076293, 408, 1482]
[717421804990701568, 761, 2900]
[717047459982213120, 1746, 5820]
[717009362452090881, 873, 2988]
[716802964044845056, 1051, 3976]
[716791146589110272, 1459, 7757]
[716730379797970944, 397, 1137]
[716447146686459905, 5330, 12049]
[716439118184652801, 191, 2203]
[716285507865542656, 969, 2566]
[716080869887381504, 1713, 6268]
[715928423106027520, 796, 2941]
[715758151270801409, 1293, 3428]
[715733265223708672, 1536, 4301]
[715704790270025728, 515, 2569]
[715696743237730304, 1171, 3622]
[715680795826982913, 1449, 3983]
[715360349751484417, 1415, 5051]
[715342466308784130, 627, 2800]
[715220193576927233, 591, 2224]
[715200624753819648, 1691, 4765]
[715009755312439296, 1107, 3830]
[714982300363173890, 937, 3439]
[714962719905021952, 3848, 6762]
[714957620017307648, 1284, 3825]
[714631576617938945, 901, 3021]
[714606013974974464, 834, 3357]
[714485234495041536, 1013, 2462]
[714258258790387713, 672, 2830]
[714251586676113411, 764, 3035]
[714214115368108032, 802, 2123]
[714141408463036416, 1285, 4015]
[713919462244790272, 724, 3053]
[713909862279876608, 486, 1755]
[713900603437621249, 665, 2629]
[713761197720473600, 1244, 4477]
[713411074226274305, 1190, 4101]
[713177543487135744, 2601, 6670]
[713175907180089344, 1337, 4099]
[712809025985978368, 6104, 17601]
[712717840512598017, 4522, 11355]
[712668654853337088, 1103, 3838]
[712438159032893441, 1423, 4919]
[712309440758808576, 24, 222]
[712097430750289920, 940, 3477]
[712092745624633345, 814, 2718]
[712085617388212225, 438, 3025]
[712065007010385924, 570, 2080]
[711998809858043904, 122, 0]
[711968124745228288, 2098, 7432]
[711743778164514816, 912, 2627]
[711732680602345472, 3705, 8115]
[711694788429553666, 16673, 30351]
[711652651650457602, 823, 3562]
[711363825979756544, 1020, 3336]
[711306686208872448, 681, 3060]
[711008018775851008, 560, 2751]
[710997087345876993, 1268, 4225]
[710844581445812225, 614, 2359]
[710833117892898816, 477, 2478]
[710658690886586372, 515, 2145]
[710609963652087808, 2164, 4446]
[710588934686908417, 1702, 4188]
[710296729921429505, 672, 2209]
[710283270106132480, 482, 2003]
[710272297844797440, 1146, 4157]
[710269109699739648, 1019, 2205]
[710153181850935296, 814, 2691]
[710140971284037632, 807, 2526]
[710117014656950272, 1785, 5043]
[709918798883774466, 996, 3238]
[709901256215666688, 92, 610]
[709852847387627521, 1092, 3246]
[709566166965075968, 1078, 3263]
[709556954897764353, 976, 3029]
[709519240576036864, 219, 1389]
[709449600415961088, 520, 2030]
[709409458133323776, 617, 2432]
[709225125749587968, 523, 2217]
[709207347839836162, 5200, 11457]
[709198395643068416, 591, 2274]
[709179584944730112, 611, 1860]
[709158332880297985, 367, 1883]
[709042156699303936, 1483, 4350]
[708853462201716736, 595, 1672]
[708845821941387268, 806, 2747]
[708834316713893888, 452, 1556]
[708810915978854401, 6275, 15267]
[708738143638450176, 744, 2550]
[708711088997666817, 641, 2345]
[708479650088034305, 619, 2348]
[708469915515297792, 733, 2861]
[708400866336894977, 9099, 14707]
[708356463048204288, 1201, 3310]
[708349470027751425, 678, 2194]
[708149363256774660, 1415, 3997]
[708130923141795840, 786, 3106]
[708119489313951744, 899, 2490]
[708109389455101952, 502, 1807]
[708026248782585858, 1755, 4078]
[707995814724026368, 1018, 2882]
[707983188426153984, 2, 45]
[707969809498152960, 870, 2494]
[707776935007539200, 875, 3016]
[707741517457260545, 558, 2295]
[707738799544082433, 2211, 3746]
[707693576495472641, 920, 3133]
[707629649552134146, 788, 2361]
[707610948723478529, 5744, 15639]
[707420581654872064, 636, 2077]
[707411934438625280, 546, 2120]
[707387676719185920, 1151, 3226]
[707377100785885184, 979, 3020]
[707315916783140866, 580, 2289]
[707297311098011648, 713, 2589]
[707059547140169728, 619, 2407]
[707038192327901184, 720, 2021]
[707021089608753152, 1227, 3743]
[707014260413456384, 546, 2122]
[706904523814649856, 7135, 13478]
[706901761596989440, 528, 1892]
[706681918348251136, 896, 3033]
[706644897839910912, 990, 2356]
[706593038911545345, 582, 1990]
[706538006853918722, 1299, 3202]
[706516534877929472, 932, 2882]
[706346369204748288, 844, 3184]
[706310011488698368, 7159, 19589]
[706291001778950144, 439, 1572]
[706265994973601792, 852, 2527]
[706169069255446529, 2007, 3600]
[706166467411222528, 1459, 4746]
[706153300320784384, 346, 1365]
[705975130514706432, 666, 2869]
[705970349788291072, 800, 2935]
[705898680587526145, 497, 2195]
[705786532653883392, 469, 1799]
[705591895322394625, 1036, 2921]
[705475953783398401, 833, 2753]
[705442520700944385, 1465, 4079]
[705428427625635840, 1526, 3524]
[705239209544720384, 679, 2779]
[705223444686888960, 716, 2383]
[705102439679201280, 476, 1967]
[705066031337840642, 556, 2020]
[704871453724954624, 1019, 3970]
[704859558691414016, 477, 2076]
[704847917308362754, 1371, 4714]
[704819833553219584, 900, 2456]
[704761120771465216, 2638, 6152]
[704499785726889984, 908, 2668]
[704491224099647488, 71, 690]
[704480331685040129, 983, 3156]
[704364645503647744, 3238, 7363]
[704347321748819968, 314, 1449]
[704134088924532736, 413, 1390]
[704113298707505153, 521, 1719]
[704054845121142784, 845, 2700]
[703774238772166656, 405, 1712]
[703769065844768768, 1025, 3023]
[703631701117943808, 602, 2370]
[703611486317502464, 1386, 3553]
[703425003149250560, 1225, 3510]
[703407252292673536, 624, 2261]
[703382836347330562, 1035, 3231]
[703356393781329922, 347, 1772]
[703268521220972544, 495, 1829]
[703079050210877440, 2811, 6833]
[703041949650034688, 11350, 24387]
[702932127499816960, 655, 2376]
[702899151802126337, 413, 1485]
[702684942141153280, 966, 2992]
[702671118226825216, 509, 2024]
[702598099714314240, 3146, 11360]
[702539513671897089, 875, 2655]
[702332542343577600, 1388, 2942]
[702321140488925184, 956, 3035]
[702276748847800320, 696, 2287]
[702217446468493312, 1229, 4402]
[701981390485725185, 894, 3169]
[701952816642965504, 933, 3551]
[701889187134500865, 1259, 3257]
[701805642395348998, 1512, 3130]
[701601587219795968, 416, 1931]
[701570477911896070, 841, 2585]
[701545186879471618, 552, 2458]
[701214700881756160, 4645, 11302]
[700890391244103680, 511, 2047]
[700864154249383937, 561, 2405]
[700847567345688576, 453, 2283]
[700796979434098688, 864, 2263]
[700747788515020802, 8473, 21065]
[700518061187723268, 723, 2400]
[700505138482569216, 524, 2114]
[700462010979500032, 1628, 3790]
[700167517596164096, 657, 2439]
[700151421916807169, 611, 2060]
[700143752053182464, 2444, 6945]
[700062718104104960, 615, 2454]
[700029284593901568, 532, 1921]
[700002074055016451, 1206, 3038]
[699801817392291840, 852, 2780]
[699788877217865730, 470, 2066]
[699779630832685056, 1112, 2512]
[699775878809702401, 541, 1812]
[699691744225525762, 4169, 9492]
[699446877801091073, 2402, 5527]
[699434518667751424, 468, 2036]
[699423671849451520, 290, 1252]
[699413908797464576, 573, 1933]
[699370870310113280, 395, 1756]
[699323444782047232, 784, 2910]
[699088579889332224, 568, 2091]
[699079609774645248, 576, 2261]
[699072405256409088, 1081, 2724]
[699060279947165696, 1627, 3438]
[699036661657767936, 1094, 2411]
[698989035503689728, 879, 3089]
[698953797952008193, 832, 2492]
[698907974262222848, 556, 2344]
[698710712454139905, 621, 2278]
[698703483621523456, 337, 1331]
[698635131305795584, 315, 1198]
[698549713696649216, 561, 2150]
[698355670425473025, 397, 1708]
[698342080612007937, 873, 2082]
[698262614669991936, 1801, 4418]
[698195409219559425, 5465, 15553]
[698178924120031232, 678, 2597]
[697995514407682048, 307, 1416]
[697990423684476929, 1175, 3023]
[697943111201378304, 618, 2209]
[697881462549430272, 1059, 2790]
[697630435728322560, 498, 1604]
[697616773278015490, 926, 2901]
[697596423848730625, 1137, 2791]
[697575480820686848, 455, 1895]
[697516214579523584, 997, 1882]
[697482927769255936, 604, 2246]
[697463031882764288, 1276, 3178]
[697270446429966336, 1721, 4356]
[697259378236399616, 909, 3048]
[697255105972801536, 1059, 2854]
[697242256848379904, 618, 2334]
[696900204696625153, 941, 2928]
[696894894812565505, 621, 2176]
[696886256886657024, 1632, 4459]
[696877980375769088, 643, 2267]
[696754882863349760, 329, 1375]
[696744641916489729, 838, 1898]
[696713835009417216, 588, 2183]
[696518437233913856, 1574, 3647]
[696490539101908992, 127, 1137]
[696488710901260288, 930, 2320]
[696405997980676096, 1056, 2935]
[696100768806522880, 588, 1780]
[695816827381944320, 1057, 2771]
[695794761660297217, 709, 2923]
[695767669421768709, 666, 1712]
[695629776980148225, 1900, 4213]
[695446424020918272, 1658, 4105]
[695409464418041856, 3261, 8018]
[695314793360662529, 1306, 3348]
[695095422348574720, 552, 2466]
[695074328191332352, 998, 2622]
[695064344191721472, 530, 1482]
[695051054296211456, 718, 2443]
[694925794720792577, 824, 2505]
[694905863685980160, 841, 2543]
[694669722378485760, 13119, 33111]
[694356675654983680, 251, 1391]
[694352839993344000, 545, 1885]
[694342028726001664, 432, 1465]
[694329668942569472, 451, 1829]
[694206574471057408, 1860, 3828]
[694183373896572928, 844, 2717]
[694001791655137281, 926, 3148]
[693993230313091072, 360, 1741]
[693942351086120961, 331, 1628]
[693647888581312512, 523, 2486]
[693644216740769793, 115, 1267]
[693642232151285760, 379, 2363]
[693629975228977152, 723, 2266]
[693622659251335168, 339, 1421]
[693590843962331137, 1786, 4668]
[693582294167244802, 223, 1524]
[693486665285931008, 572, 1633]
[693280720173801472, 1126, 3097]
[693267061318012928, 735, 2205]
[693262851218264065, 452, 2053]
[693231807727280129, 673, 2663]
[693155686491000832, 2907, 7276]
[693109034023534592, 552, 1569]
[693095443459342336, 406, 1708]
[692919143163629568, 700, 2509]
[692905862751522816, 791, 2245]
[692901601640583168, 540, 1622]
[692894228850999298, 720, 2089]
[692828166163931137, 799, 2664]
[692752401762250755, 3313, 6298]
[692568918515392513, 1397, 4041]
[692535307825213440, 1238, 2912]
[692530551048294401, 370, 1709]
[692423280028966913, 198, 1369]
[692417313023332352, 3146, 8678]
[692187005137076224, 750, 2342]
[692158366030913536, 722, 1977]
[692142790915014657, 355, 1514]
[692041934689402880, 1134, 3130]
[692017291282812928, 873, 2679]
[691820333922455552, 1499, 3663]
[691793053716221953, 3840, 7507]
[691756958957883396, 889, 2610]
[691675652215414786, 461, 1801]
[691483041324204033, 502, 2208]
[691459709405118465, 1028, 3742]
[691444869282295808, 755, 2442]
[691416866452082688, 6933, 17900]
[691321916024623104, 602, 2392]
[691096613310316544, 797, 2768]
[691090071332753408, 307, 1606]
[690989312272396288, 2621, 5456]
[690959652130045952, 1120, 3326]
[690938899477221376, 1757, 3781]
[690932576555528194, 911, 3032]
[690735892932222976, 1158, 3510]
[690728923253055490, 469, 2009]
[690690673629138944, 751, 2157]
[690649993829576704, 250, 1202]
[690607260360429569, 14, 278]
[690597161306841088, 549, 1789]
[690400367696297985, 406, 1747]
[690374419777196032, 764, 2979]
[690360449368465409, 797, 2455]
[690348396616552449, 466, 1374]
[690248561355657216, 370, 1544]
[690021994562220032, 925, 2587]
[690015576308211712, 664, 2312]
[690005060500217858, 1540, 3393]
[689999384604450816, 329, 1308]
[689993469801164801, 409, 1349]
[689977555533848577, 410, 1273]
[689905486972461056, 624, 2263]
[689877686181715968, 1046, 2808]
[689835978131935233, 689, 2024]
[689661964914655233, 852, 3004]
[689659372465688576, 3490, 9548]
[689623661272240129, 581, 2047]
[689599056876867584, 5033, 10794]
[689557536375177216, 406, 1906]
[689517482558820352, 1301, 3139]
[689289219123089408, 852, 2075]
[689283819090870273, 1005, 3025]
[689280876073582592, 642, 1831]
[689275259254616065, 225, 1057]
[689255633275777024, 978, 2360]
[689154315265683456, 900, 2864]
[689143371370250240, 458, 1870]
[688916208532455424, 774, 2501]
[688908934925697024, 708, 1945]
[688898160958271489, 711, 1931]
[688894073864884227, 622, 2063]
[688828561667567616, 326, 1282]
[688804835492233216, 170, 890]
[688789766343622656, 605, 2062]
[688547210804498433, 627, 2407]
[688519176466644993, 661, 2156]
[688385280030670848, 4091, 8576]
[688211956440801280, 761, 2084]
[688179443353796608, 532, 1982]
[688116655151435777, 701, 2620]
[688064179421470721, 325, 1602]
[687841446767013888, 2257, 5036]
[687826841265172480, 1013, 2528]
[687818504314159109, 867, 2282]
[687807801670897665, 660, 2204]
[687732144991551489, 598, 1624]
[687704180304273409, 767, 2245]
[687664829264453632, 471, 1807]
[687494652870668288, 530, 1764]
[687480748861947905, 222, 1478]
[687476254459715584, 483, 1833]
[687460506001633280, 492, 1910]
[687399393394311168, 555, 1753]
[687317306314240000, 8360, 18687]
[687312378585812992, 1737, 4020]
[687127927494963200, 2058, 4982]
[687124485711986689, 462, 2020]
[687109925361856513, 2242, 5373]
[687102708889812993, 875, 2175]
[687096057537363968, 552, 2082]
[686947101016735744, 2907, 7998]
[686760001961103360, 1259, 3244]
[686749460672679938, 1322, 3208]
[686730991906516992, 1094, 3814]
[686683045143953408, 735, 2612]
[686618349602762752, 1240, 3416]
[686606069955735556, 492, 1753]
[686394059078897668, 634, 1599]
[686386521809772549, 792, 3019]
[686377065986265092, 516, 2052]
[686358356425093120, 602, 2001]
[686286779679375361, 1528, 3729]
[686050296934563840, 664, 2067]
[686035780142297088, 104, 1063]
[686034024800862208, 1039, 2853]
[686007916130873345, 367, 2285]
[686003207160610816, 563, 1684]
[685973236358713344, 477, 1942]
[685943807276412928, 536, 1499]
[685906723014619143, 2598, 6912]
[685681090388975616, 110, 1889]
[685667379192414208, 511, 2187]
[685663452032069632, 1335, 2978]
[685641971164143616, 700, 2699]
[685547936038666240, 14163, 30441]
[685532292383666176, 1048, 2813]
[685325112850124800, 3590, 8692]
[685321586178670592, 580, 2451]
[685315239903100929, 945, 3035]
[685307451701334016, 397, 1929]
[685268753634967552, 1078, 2847]
[685198997565345792, 589, 2144]
[685169283572338688, 1281, 3788]
[684969860808454144, 328, 2220]
[684959798585110529, 2816, 6304]
[684940049151070208, 948, 2968]
[684926975086034944, 417, 3226]
[684914660081053696, 1326, 3227]
[684902183876321280, 467, 1719]
[684880619965411328, 729, 1924]
[684830982659280897, 19733, 32421]
[684800227459624960, 906, 2517]
[684594889858887680, 3174, 8195]
[684588130326986752, 1283, 3817]
[684567543613382656, 1107, 2765]
[684538444857667585, 858, 2440]
[684481074559381504, 1073, 3575]
[684460069371654144, 503, 1820]
[684241637099323392, 2954, 7501]
[684225744407494656, 184, 1149]
[684222868335505415, 1241, 3524]
[684200372118904832, 946, 1988]
[684195085588783105, 457, 1765]
[684188786104872960, 1054, 3226]
[684177701129875456, 594, 1867]
[684147889187209216, 1376, 2748]
[684122891630342144, 426, 1864]
[684097758874210310, 1299, 3802]
[683857920510050305, 1022, 3528]
[683852578183077888, 316, 1797]
[683849932751646720, 857, 2418]
[683834909291606017, 1025, 2421]
[683828599284170753, 973, 2590]
[683773439333797890, 1221, 3079]
[683742671509258241, 3013, 5986]
[683515932363329536, 2622, 6804]
[683498322573824003, 874, 2937]
[683481228088049664, 904, 2455]
[683462770029932544, 620, 2244]
[683449695444799489, 1460, 3583]
[683391852557561860, 2181, 7060]
[683357973142474752, 825, 2675]
[683142553609318400, 940, 2649]
[683111407806746624, 818, 3148]
[683098815881154561, 589, 2003]
[683078886620553216, 520, 1860]
[683030066213818368, 671, 2003]
[682962037429899265, 14912, 33854]
[682808988178739200, 155, 1631]
[682788441537560576, 1019, 2287]
[682750546109968385, 398, 1408]
[682697186228989953, 332, 1217]
[682662431982772225, 988, 2820]
[682638830361513985, 535, 1913]
[682429480204398592, 1046, 3187]
[682406705142087680, 1590, 6979]
[682393905736888321, 598, 2078]
[682389078323662849, 424, 1544]
[682303737705140231, 887, 2828]
[682259524040966145, 1079, 3818]
[682242692827447297, 1040, 2974]
[682088079302213632, 8915, 16825]
[682059653698686977, 1532, 4549]
[682047327939461121, 849, 2954]
[682032003584274432, 1799, 6072]
[682003177596559360, 1372, 2875]
[681981167097122816, 922, 2601]
[681891461017812993, 746, 2277]
[681694085539872773, 3698, 11833]
[681679526984871937, 400, 1630]
[681654059175129088, 820, 2427]
[681610798867845120, 419, 1735]
[681579835668455424, 1179, 3260]
[681523177663676416, 5216, 13200]
[681340665377193984, 245, 1519]
[681339448655802368, 3709, 8571]
[681320187870711809, 672, 2417]
[681302363064414209, 1629, 3604]
[681297372102656000, 857, 2966]
[681281657291280384, 998, 2969]
[681261549936340994, 236, 1336]
[681242418453299201, 470, 1361]
[681231109724700672, 441, 2244]
[681193455364796417, 1341, 3424]
[680970795137544192, 586, 2217]
[680959110691590145, 1825, 4230]
[680940246314430465, 938, 2929]
[680934982542561280, 394, 1923]
[680913438424612864, 563, 2216]
[680889648562991104, 326, 1616]
[680836378243002368, 1185, 3194]
[680805554198020098, 607, 1986]
[680801747103793152, 742, 2192]
[680798457301471234, 939, 2612]
[680609293079592961, 629, 2415]
[680583894916304897, 1193, 3315]
[680497766108381184, 1736, 3893]
[680494726643068929, 440, 1576]
[680473011644985345, 674, 2347]
[680440374763077632, 443, 1330]
[680221482581123072, 262, 1363]
[680206703334408192, 1050, 2594]
[680191257256136705, 442, 1983]
[680176173301628928, 1400, 3570]
[680161097740095489, 672, 2145]
[680145970311643136, 1563, 3316]
[680130881361686529, 857, 2119]
[680115823365742593, 830, 2500]
[680100725817409536, 1253, 3308]
[680085611152338944, 8160, 11766]
[680070545539371008, 776, 2391]
[679877062409191424, 581, 1804]
[679872969355714560, 598, 2016]
[679862121895714818, 557, 2256]
[679854723806179328, 1104, 2617]
[679844490799091713, 687, 2188]
[679828447187857408, 12619, 33217]
[679777920601223168, 998, 2859]
[679736210798047232, 718, 1917]
[679729593985699840, 749, 1995]
[679722016581222400, 426, 1540]
[679530280114372609, 1888, 4375]
[679527802031484928, 653, 2431]
[679511351870550016, 1149, 3076]
[679503373272485890, 1339, 2921]
[679475951516934144, 585, 1928]
[679462823135686656, 17038, 29456]
[679405845277462528, 1074, 2168]
[679158373988876288, 7254, 19469]
[679148763231985668, 927, 2560]
[679132435750195208, 1036, 2714]
[679111216690831360, 2316, 5445]
[679062614270468097, 7216, 15505]
[679047485189439488, 587, 2057]
[679001094530465792, 1096, 2601]
[678991772295516161, 1018, 2074]
[678969228704284672, 409, 1499]
[678800283649069056, 821, 2357]
[678798276842360832, 1030, 3169]
[678774928607469569, 821, 2576]
[678767140346941444, 1230, 3227]
[678764513869611008, 417, 1483]
[678755239630127104, 2936, 6496]
[678740035362037760, 1490, 3403]
[678708137298427904, 2194, 5137]
[678675843183484930, 1321, 2608]
[678643457146150913, 360, 1882]
[678446151570427904, 1372, 3658]
[678424312106393600, 2281, 5005]
[678410210315247616, 1610, 3832]
[678399652199309312, 28616, 73555]
[678396796259975168, 375, 1460]
[678389028614488064, 383, 1716]
[678380236862578688, 822, 2248]
[678341075375947776, 473, 1577]
[678334497360859136, 224, 1184]
[678278586130948096, 5497, 10426]
[678255464182861824, 327, 1454]
[678023323247357953, 341, 1744]
[678021115718029313, 5642, 12396]
[677961670166224897, 1526, 3146]
[677918531514703872, 364, 1221]
[677895101218201600, 1846, 4402]
[677716515794329600, 878, 2786]
[677700003327029250, 1294, 3118]
[677698403548192770, 286, 1118]
[677687604918272002, 756, 2265]
[677673981332312066, 1352, 3037]
[677662372920729601, 842, 1778]
[677644091929329666, 728, 1713]
[677573743309385728, 600, 1940]
[677565715327688705, 411, 1191]
[677557565589463040, 1018, 2223]
[677547928504967168, 3299, 6331]
[677530072887205888, 204, 970]
[677335745548390400, 1553, 2763]
[677334615166730240, 253, 1229]
[677331501395156992, 209, 989]
[677328882937298944, 1347, 3342]
[677314812125323265, 472, 1502]
[677301033169788928, 355, 1116]
[677269281705472000, 636, 1799]
[677228873407442944, 1469, 3214]
[677187300187611136, 815, 2486]
[676975532580409345, 953, 2530]
[676957860086095872, 720, 2029]
[676949632774234114, 349, 1188]
[676948236477857792, 777, 1959]
[676946864479084545, 327, 1577]
[676942428000112642, 668, 1880]
[676936541936185344, 4438, 11639]
[676916996760600576, 1619, 2699]
[676897532954456065, 650, 2052]
[676864501615042560, 629, 1904]
[676821958043033607, 13810, 20758]
[676819651066732545, 602, 1657]
[676811746707918848, 379, 1308]
[676776431406465024, 1805, 4533]
[676617503762681856, 856, 2618]
[676613908052996102, 177, 987]
[676606785097199616, 387, 1724]
[676603393314578432, 342, 1043]
[676593408224403456, 1894, 4140]
[676590572941893632, 110, 841]
[676588346097852417, 701, 2087]
[676582956622721024, 252, 1083]
[676575501977128964, 992, 2336]
[676533798876651520, 490, 1702]
[676496375194980353, 471, 1377]
[676470639084101634, 4187, 10604]
[676440007570247681, 590, 1567]
[676430933382295552, 302, 1266]
[676263575653122048, 484, 1895]
[676237365392908289, 251, 1092]
[676219687039057920, 27813, 71007]
[676215927814406144, 516, 1574]
[676191832485810177, 919, 2059]
[676146341966438401, 593, 1755]
[676121918416756736, 1030, 1969]
[676101918813499392, 1051, 2586]
[676098748976615425, 1251, 2684]
[676089483918516224, 392, 1185]
[675898130735476737, 505, 1449]
[675891555769696257, 765, 1925]
[675888385639251968, 841, 2119]
[675878199931371520, 1242, 3784]
[675870721063669760, 500, 1470]
[675853064436391936, 1137, 2428]
[675849018447167488, 123, 866]
[675845657354215424, 780, 2049]
[675822767435051008, 475, 1382]
[675820929667219457, 208, 959]
[675798442703122432, 3050, 9331]
[675781562965868544, 420, 1459]
[675740360753160193, 296, 1062]
[675710890956750848, 722, 1694]
[675707330206547968, 600, 1786]
[675706639471788032, 86, 582]
[675534494439489536, 363, 1664]
[675531475945709568, 332, 1069]
[675522403582218240, 248, 942]
[675517828909424640, 407, 1152]
[675501075957489664, 5228, 15576]
[675497103322386432, 1137, 2825]
[675489971617296384, 528, 1156]
[675483430902214656, 855, 1668]
[675432746517426176, 503, 1363]
[675372240448454658, 458, 1532]
[675362609739206656, 196, 943]
[675354435921575936, 14914, 29525]
[675349384339542016, 2002, 3536]
[675334060156301312, 1135, 2492]
[675166823650848770, 1388, 3180]
[675153376133427200, 2267, 5609]
[675149409102012420, 1503, 3356]
[675147105808306176, 200, 842]
[675146535592706048, 257, 1055]
[675145476954566656, 784, 1919]
[675135153782571009, 413, 1166]
[675113801096802304, 690, 1742]
[675111688094527488, 213, 867]
[675109292475830276, 1000, 2523]
[675047298674663426, 275, 929]
[675015141583413248, 1048, 2425]
[675006312288268288, 201, 876]
[675003128568291329, 406, 1395]
[674999807681908736, 957, 1999]
[674805413498527744, 318, 767]
[674800520222154752, 750, 2707]
[674793399141146624, 954, 2226]
[674790488185167872, 219, 986]
[674788554665512960, 181, 719]
[674781762103414784, 1050, 1808]
[674774481756377088, 412, 991]
[674767892831932416, 692, 1634]
[674764817387900928, 200, 700]
[674754018082705410, 384, 1229]
[674752233200820224, 402, 1314]
[674743008475090944, 469, 1261]
[674742531037511680, 45, 430]
[674739953134403584, 327, 967]
[674737130913071104, 80, 580]
[674690135443775488, 413, 1027]
[674670581682434048, 569, 1450]
[674664755118911488, 205, 812]
[674646392044941312, 430, 1282]
[674644256330530816, 243, 931]
[674638615994089473, 514, 1519]
[674632714662858753, 503, 1347]
[674606911342424069, 86, 840]
[674468880899788800, 1787, 5573]
[674447403907457024, 315, 958]
[674436901579923456, 344, 988]
[674422304705744896, 467, 1286]
[674416750885273600, 117, 612]
[674410619106390016, 402, 1071]
[674394782723014656, 489, 1337]
[674372068062928900, 280, 767]
[674330906434379776, 66, 507]
[674318007229923329, 450, 1255]
[674307341513269249, 6048, 10159]
[674291837063053312, 5151, 13211]
[674271431610523648, 645, 1397]
[674269164442398721, 202, 825]
[674265582246694913, 734, 1463]
[674262580978937856, 385, 1180]
[674255168825880576, 467, 1307]
[674082852460433408, 144, 682]
[674075285688614912, 246, 891]
[674063288070742018, 1911, 5743]
[674053186244734976, 1132, 2954]
[674051556661161984, 432, 1294]
[674045139690631169, 566, 1268]
[674042553264685056, 111, 636]
[674038233588723717, 369, 981]
[674036086168010753, 181, 760]
[674024893172875264, 1087, 1586]
[674019345211760640, 265, 1017]
[674014384960745472, 560, 1390]
[674008982932058114, 301, 1084]
[673956914389192708, 839, 1752]
[673919437611909120, 327, 1057]
[673906403526995968, 1438, 2850]
[673887867907739649, 221, 844]
[673716320723169284, 670, 2788]
[673715861853720576, 1815, 3165]
[673711475735838725, 265, 941]
[673709992831262724, 236, 755]
[673708611235921920, 256, 954]
[673707060090052608, 346, 991]
[673705679337693185, 359, 1125]
[673700254269775872, 501, 1282]
[673697980713705472, 1697, 3518]
[673689733134946305, 571, 1545]
[673688752737402881, 440, 1127]
[673686845050527744, 377, 1276]
[673680198160809984, 418, 1229]
[673662677122719744, 328, 1131]
[673656262056419329, 199, 650]
[673636718965334016, 309, 994]
[673612854080196609, 632, 1426]
[673583129559498752, 314, 1069]
[673580926094458881, 239, 738]
[673576835670777856, 488, 1235]
[673363615379013632, 267, 932]
[673359818736984064, 594, 1289]
[673355879178194945, 495, 1345]
[673352124999274496, 475, 1496]
[673350198937153538, 185, 687]
[673345638550134785, 1104, 2233]
[673343217010679808, 235, 861]
[673342308415348736, 492, 1141]
[673320132811366400, 6903, 11986]
[673317986296586240, 216, 783]
[673295268553605120, 2755, 6739]
[673270968295534593, 313, 960]
[673240798075449344, 618, 1279]
[673213039743795200, 724, 1979]
[673148804208660480, 550, 1494]
[672997845381865473, 631, 1756]
[672995267319328768, 254, 845]
[672988786805112832, 254, 879]
[672984142909456390, 471, 1120]
[672980819271634944, 892, 1630]
[672975131468300288, 783, 1498]
[672970152493887488, 305, 841]
[672968025906282496, 471, 1186]
[672964561327235073, 557, 1262]
[672902681409806336, 425, 1234]
[672898206762672129, 363, 795]
[672884426393653248, 731, 1372]
[672877615439593473, 303, 909]
[672834301050937345, 504, 1158]
[672828477930868736, 419, 1110]
[672640509974827008, 272, 875]
[672622327801233409, 423, 1152]
[672614745925664768, 512, 1092]
[672609152938721280, 338, 972]
[672604026190569472, 337, 974]
[672594978741354496, 531, 1181]
[672591762242805761, 286, 846]
[672591271085670400, 157, 643]
[672538107540070400, 318, 903]
[672523490734551040, 146, 553]
[672488522314567680, 373, 990]
[672482722825261057, 520, 992]
[672481316919734272, 110, 640]
[672475084225949696, 608, 1299]
[672466075045466113, 448, 1192]
[672272411274932228, 2942, 5731]
[672267570918129665, 539, 1318]
[672264251789176834, 287, 1012]
[672256522047614977, 1330, 2516]
[672254177670729728, 652, 1277]
[672248013293752320, 524, 1533]
[672245253877968896, 132, 608]
[672239279297454080, 276, 806]
[672231046314901505, 876, 1624]
[672222792075620352, 176, 703]
[672205392827572224, 1010, 1994]
[672169685991993344, 320, 908]
[672160042234327040, 304, 766]
[672139350159835138, 597, 1548]
[672125275208069120, 993, 2120]
[672095186491711488, 328, 879]
[672082170312290304, 319, 840]
[672068090318987265, 440, 1142]
[671896809300709376, 3679, 7631]
[671891728106971137, 484, 1176]
[671882082306625538, 1215, 3117]
[671879137494245376, 575, 1249]
[671874878652489728, 479, 1107]
[671866342182637568, 420, 999]
[671855973984772097, 374, 794]
[671789708968640512, 3006, 6333]
[671768281401958400, 435, 1049]
[671763349865160704, 776, 1495]
[671744970634719232, 667, 1211]
[671743150407421952, 202, 676]
[671735591348891648, 657, 1290]
[671729906628341761, 3811, 7504]
[671561002136281088, 6327, 11404]
[671550332464455680, 183, 811]
[671547767500775424, 499, 1205]
[671544874165002241, 889, 1733]
[671542985629241344, 487, 964]
[671538301157904385, 336, 837]
[671536543010570240, 344, 1037]
[671533943490011136, 497, 899]
[671528761649688577, 217, 740]
[671520732782923777, 454, 1223]
[671518598289059840, 253, 832]
[671511350426865664, 606, 1429]
[671504605491109889, 3133, 6246]
[671497587707535361, 391, 828]
[671488513339211776, 415, 886]
[671486386088865792, 173, 512]
[671485057807351808, 196, 679]
[671390180817915904, 654, 1280]
[671362598324076544, 258, 981]
[671357843010908160, 133, 351]
[671355857343524864, 105, 421]
[671347597085433856, 371, 835]
[671186162933985280, 176, 642]
[671182547775299584, 284, 980]
[671166507850801152, 302, 783]
[671163268581498880, 969, 1463]
[671159727754231808, 69, 314]
[671154572044468225, 186, 626]
[671151324042559489, 128, 587]
[671147085991960577, 192, 587]
[671141549288370177, 572, 1025]
[671138694582165504, 344, 823]
[671134062904504320, 163, 655]
[671122204919246848, 2190, 3092]
[671115716440031232, 674, 1218]
[671109016219725825, 378, 1006]
[670995969505435648, 245, 970]
[670842764863651840, 7582, 22103]
[670840546554966016, 166, 524]
[670838202509447168, 599, 984]
[670833812859932673, 109, 382]
[670832455012716544, 184, 647]
[670826280409919488, 3516, 4877]
[670823764196741120, 162, 677]
[670822709593571328, 83, 545]
[670815497391357952, 1323, 2792]
[670811965569282048, 231, 985]
[670807719151067136, 428, 1051]
[670804601705242624, 822, 1743]
[670803562457407488, 78, 304]
[670797304698376195, 203, 661]
[670792680469889025, 238, 734]
[670789397210615808, 210, 585]
[670786190031921152, 171, 530]
[670783437142401025, 331, 726]
[670782429121134593, 662, 1351]
[670780561024270336, 249, 703]
[670778058496974848, 62, 298]
[670764103623966721, 371, 959]
[670755717859713024, 89, 393]
[670733412878163972, 446, 851]
[670727704916926465, 314, 737]
[670717338665226240, 419, 1053]
[670704688707301377, 319, 687]
[670691627984359425, 209, 521]
[670679630144274432, 243, 666]
[670676092097810432, 35, 215]
[670668383499735048, 4327, 9475]
[670474236058800128, 634, 1341]
[670468609693655041, 77, 317]
[670465786746662913, 467, 855]
[670452855871037440, 174, 489]
[670449342516494336, 571, 1076]
[670444955656130560, 1747, 6064]
[670442337873600512, 175, 581]
[670435821946826752, 438, 940]
[670434127938719744, 562, 1257]
[670433248821026816, 100, 296]
[670428280563085312, 524, 1234]
[670427002554466305, 142, 465]
[670421925039075328, 552, 1149]
[670420569653809152, 265, 541]
[670417414769758208, 282, 501]
[670411370698022913, 772, 1797]
[670408998013820928, 188, 486]
[670403879788544000, 130, 378]
[670385711116361728, 173, 494]
[670374371102445568, 238, 670]
[670361874861563904, 55, 289]
[670338931251150849, 96, 374]
[670319130621435904, 1068, 3473]
[670303360680108032, 107, 383]
[670290420111441920, 250, 623]
[670093938074779648, 278, 911]
[670086499208155136, 218, 623]
[670079681849372674, 1057, 1956]
[670073503555706880, 681, 1386]
[670069087419133954, 205, 554]
[670061506722140161, 290, 668]
[670055038660800512, 279, 592]
[670046952931721218, 152, 576]
[670040295598354432, 97, 659]
[670037189829525505, 240, 527]
[670003130994700288, 77, 296]
[669993076832759809, 70, 288]
[669972011175813120, 134, 396]
[669970042633789440, 43, 272]
[669942763794931712, 133, 445]
[669926384437997569, 81, 339]
[669923323644657664, 50, 202]
[669753178989142016, 341, 710]
[669749430875258880, 55, 229]
[669684865554620416, 75, 448]
[669683899023405056, 94, 339]
[669682095984410625, 116, 312]
[669680153564442624, 245, 588]
[669661792646373376, 367, 715]
[669625907762618368, 1573, 3130]
[669603084620980224, 316, 846]
[669597912108789760, 133, 447]
[669583744538451968, 805, 1323]
[669573570759163904, 120, 388]
[669571471778410496, 884, 1409]
[669567591774625800, 45, 202]
[669564461267722241, 104, 337]
[669393256313184256, 62, 313]
[669375718304980992, 634, 1181]
[669371483794317312, 148, 438]
[669367896104181761, 131, 406]
[669363888236994561, 202, 557]
[669359674819481600, 103, 332]
[669354382627049472, 1095, 2394]
[669353438988365824, 229, 566]
[669351434509529089, 157, 382]
[669328503091937280, 367, 908]
[669327207240699904, 102, 497]
[669324657376567296, 182, 440]
[669216679721873412, 348, 1059]
[669214165781868544, 135, 385]
[669203728096960512, 409, 890]
[669037058363662336, 266, 573]
[669015743032369152, 324, 651]
[669006782128353280, 209, 511]
[669000397445533696, 5531, 18714]
[668994913074286592, 191, 391]
[668992363537309700, 294, 659]
[668989615043424256, 288, 596]
[668988183816871936, 391, 800]
[668986018524233728, 140, 479]
[668981893510119424, 259, 483]
[668979806671884288, 294, 706]
[668975677807423489, 497, 1158]
[668967877119254528, 18, 127]
[668960084974809088, 210, 620]
[668955713004314625, 63, 241]
[668932921458302977, 50, 227]
[668902994700836864, 88, 276]
[668892474547511297, 126, 354]
[668872652652679168, 268, 477]
[668852170888998912, 139, 410]
[668826086256599040, 112, 384]
[668815180734689280, 227, 494]
[668779399630725120, 325, 629]
[668655139528511488, 190, 474]
[668645506898350081, 459, 775]
[668643542311546881, 447, 788]
[668641109086707712, 468, 944]
[668636665813057536, 435, 922]
[668633411083464705, 1385, 2470]
[668631377374486528, 281, 618]
[668627278264475648, 97, 281]
[668625577880875008, 111, 330]
[668623201287675904, 655, 1248]
[668620235289837568, 35, 181]
[668614819948453888, 272, 545]
[668587383441514497, 923, 1478]
[668567822092664832, 46, 206]
[668544745690562560, 197, 453]
[668542336805281792, 182, 403]
[668537837512433665, 61, 226]
[668528771708952576, 189, 404]
[668507509523615744, 87, 279]
[668496999348633600, 114, 359]
[668484198282485761, 208, 372]
[668480044826800133, 128, 397]
[668466899341221888, 443, 770]
[668297328638447616, 255, 557]
[668291999406125056, 28, 213]
[668286279830867968, 118, 436]
[668274247790391296, 198, 722]
[668268907921326080, 206, 485]
[668256321989451776, 518, 1154]
[668248472370458624, 408, 843]
[668237644992782336, 2427, 5456]
[668226093875376128, 85, 247]
[668221241640230912, 169, 452]
[668204964695683073, 173, 489]
[668190681446379520, 171, 577]
[668171859951755264, 162, 425]
[668154635664932864, 273, 440]
[668142349051129856, 239, 510]
[668113020489474048, 208, 586]
[667937095915278337, 695, 1116]
[667924896115245057, 95, 264]
[667915453470232577, 46, 184]
[667911425562669056, 246, 431]
[667902449697558528, 334, 759]
[667886921285246976, 908, 1649]
[667885044254572545, 400, 730]
[667878741721415682, 101, 349]
[667873844930215936, 340, 553]
[667866724293877760, 901, 2718]
[667861340749471744, 69, 221]
[667832474953625600, 55, 255]
[667806454573760512, 417, 931]
[667801013445750784, 82, 283]
[667793409583771648, 286, 609]
[667782464991965184, 210, 363]
[667773195014021121, 44, 204]
[667766675769573376, 185, 373]
[667728196545200128, 127, 325]
[667724302356258817, 268, 424]
[667550904950915073, 29, 0]
[667550882905632768, 26, 0]
[667549055577362432, 1961, 5114]
[667546741521195010, 107, 303]
[667544320556335104, 458, 762]
[667538891197542400, 58, 176]
[667534815156183040, 446, 719]
[667530908589760512, 207, 412]
[667524857454854144, 970, 1507]
[667517642048163840, 166, 332]
[667509364010450944, 1867, 6069]
[667502640335572993, 194, 485]
[667495797102141441, 232, 458]
[667491009379606528, 190, 459]
[667470559035432960, 85, 225]
[667455448082227200, 53, 171]
[667453023279554560, 74, 279]
[667443425659232256, 490, 682]
[667437278097252352, 199, 396]
[667435689202614272, 76, 266]
[667405339315146752, 197, 412]
[667393430834667520, 50, 168]
[667369227918143488, 145, 328]
[667211855547486208, 210, 425]
[667200525029539841, 228, 546]
[667192066997374976, 86, 332]
[667188689915760640, 333, 643]
[667182792070062081, 5279, 12549]
[667177989038297088, 48, 166]
[667176164155375616, 388, 528]
[667174963120574464, 70, 218]
[667171260800061440, 72, 186]
[667165590075940865, 972, 2379]
[667160273090932737, 50, 219]
[667152164079423490, 14624, 42316]
[667138269671505920, 1875, 4018]
[667119796878725120, 106, 286]
[667090893657276420, 106, 287]
[667073648344346624, 104, 352]
[667070482143944705, 13, 72]
[667065535570550784, 40, 143]
[667062181243039745, 45, 192]
[667044094246576128, 43, 163]
[667012601033924608, 187, 395]
[666996132027977728, 79, 214]
[666983947667116034, 847, 2250]
[666837028449972224, 474, 703]
[666835007768551424, 66, 185]
[666826780179869698, 79, 220]
[666817836334096384, 212, 444]
[666804364988780544, 79, 206]
[666786068205871104, 410, 659]
[666781792255496192, 169, 327]
[666776908487630848, 150, 305]
[666739327293083650, 60, 209]
[666701168228331520, 182, 371]
[666691418707132416, 42, 161]
[666649482315059201, 524, 994]
[666644823164719104, 70, 208]
[666454714377183233, 180, 448]
[666447344410484738, 19, 90]
[666437273139982337, 40, 106]
[666435652385423360, 42, 138]
[666430724426358785, 160, 278]
[666428276349472768, 67, 139]
[666421158376562688, 92, 273]
[666418789513326592, 39, 107]
[666411507551481857, 262, 371]
[666407126856765440, 30, 93]
[666396247373291520, 69, 147]
[666373753744588802, 73, 163]
[666362758909284353, 471, 649]
[666353288456101888, 58, 179]
[666345417576210432, 125, 244]
[666337882303524864, 79, 168]
[666293911632134144, 291, 426]
[666287406224695296, 57, 123]
[666273097616637952, 68, 152]
[666268910803644416, 38, 99]
[666104133288665088, 5492, 12910]
[666102155909144576, 11, 66]
[666099513787052032, 53, 134]
[666094000022159362, 63, 143]
[666082916733198337, 37, 93]
[666073100786774016, 132, 274]
[666071193221509120, 51, 127]
[666063827256086533, 180, 400]
[666058600524156928, 47, 99]
[666057090499244032, 112, 247]
[666055525042405380, 196, 367]
[666051853826850816, 704, 1028]
[666050758794694657, 50, 115]
[666049248165822465, 37, 89]
[666044226329800704, 115, 247]
[666033412701032449, 36, 100]
[666029285002620928, 39, 112]
[666020888022790149, 423, 2293]
