,tweet_id,retweet_count,favorite_count
0,892420643555336193,7010,33829
1,892177421306343426,5302,29340
2,891815181378084864,3482,22070
3,891689557279858688,7228,36953
4,891327558926688256,7765,35288
5,891087950875897856,2602,17815
6,890971913173991426,1666,10369
7,890729181411237888,15761,56889
8,890609185150312448,3624,24531
9,890240255349198849,6101,27971
10,890006608113172480,6154,27052
11,889880896479866881,4168,24574
12,889665388333682689,8353,42074
13,889638837579907072,3718,23687
14,889531135344209921,1884,13358
15,889278841981685760,4447,22132
16,888917238123831296,3765,25652
17,888804989199671297,3538,22481
18,888554962724278272,2879,17322
19,888078434458587136,2895,19158
20,887705289381826560,4536,26635
21,887517139158093824,9856,40743
22,887473957103951883,15031,60214
23,887343217045368832,8817,29602
24,887101392804085760,4993,26995
25,886983233522544640,6321,30401
26,886680336477933568,3737,19742
27,886366144734445568,2631,18554
28,886267009285017600,4,105
29,886258384151887873,5293,24536
30,886054160059072513,93,0
31,885984800019947520,5617,28624
32,885528943205470208,5331,31614
33,885518971528720385,3108,18015
34,885311592912609280,15442,0
35,885167619883638784,3670,19267
36,884925521741709313,15032,67315
37,884876753390489601,4676,24393
38,884562892145688576,3913,21334
39,884441805382717440,4793,23874
40,884247878851493888,16931,63344
41,884162670584377345,2506,17948
42,883838122936631299,2865,19180
43,883482846933004288,8274,40221
44,883360690899218434,3084,19961
45,883117836046086144,5538,32527
46,882992080364220416,3248,20993
47,882762694511734784,4099,24808
48,882627270321602560,5064,24612
49,882268110199369728,9636,39213
50,882045870035918850,4084,25740
51,881906580714921986,2855,21453
52,881666595344535552,8964,44575
53,881633300179243008,8,113
54,881536004380872706,13404,43469
55,881268444196462592,4494,20494
56,880935762899988482,2333,15057
57,880872448815771648,3200,18720
58,880465832366813184,5216,25040
59,880221127280381952,3468,23681
60,880095782870896641,3654,24348
61,879862464715927552,2930,19716
62,879674319642796034,9,282
63,879492040517615616,2628,20718
64,879415818425184262,37464,92917
65,879376492567855104,2651,14868
66,879130579576475649,5744,0
67,879050749262655488,3958,19817
68,879008229531029506,2244,16788
69,878776093423087618,3435,17142
70,878604707211726852,5930,26446
71,878404777348136964,1078,0
72,878316110768087041,5531,0
73,878281511006478336,1078,6781
74,878057613040115712,5744,37158
75,877736472329191424,15814,69336
76,877611172832227328,70,0
77,877556246731214848,3170,19909
78,877316821321428993,4348,24166
79,877201837425926144,4629,23876
80,876838120628539392,2805,18222
81,876537666061221889,3975,21052
82,876484053909872640,2002,16576
83,876120275196170240,3905,24698
84,875747767867523072,3584,22123
85,875144289856114688,4160,19426
86,875097192612077568,5118,24253
87,875021211251597312,3974,22560
88,874680097055178752,3919,24611
89,874434818259525634,12218,0
90,874296783580663808,3483,22979
91,874057562936811520,3378,20130
92,874012996292530176,8597,30130
93,873580283840344065,3344,21388
94,873337748698140672,1331,0
95,873213775632977920,1331,6324
96,872967104147763200,4564,24092
97,872820683541237760,3168,13082
98,872620804844003328,3068,18332
99,872486979161796608,7722,36113
100,872122724285648897,6833,30248
101,871879754684805121,9250,33126
102,871762521631449091,2970,17899
103,871515927908634625,2942,17898
104,871166179821445120,4896,0
105,871102520638267392,4685,18558
106,871032628920680449,3227,20170
107,870804317367881728,5284,29817
108,870726314365509632,3,105
109,870656317836468226,2210,10899
110,870374049280663552,22761,73986
111,870308999962521604,3550,19492
112,870063196459192321,7078,32439
113,869772420881756160,8699,38041
114,869702957897576449,5388,25078
115,869596645499047938,2640,14219
116,869227993411051520,3201,18150
117,868880397819494401,12266,58018
118,868639477480148993,1754,0
119,868622495443632128,4474,23655
120,868552278524837888,1754,8972
121,867900495410671616,3574,21618
122,867774946302451713,6258,30288
123,867421006826221569,2118,14356
124,867072653475098625,101,0
125,867051520902168576,6792,28727
126,866720684873056260,4133,17882
127,866686824827068416,2973,17145
128,866450705531457537,30222,108950
129,866334964761202691,12218,46652
130,866094527597207552,7172,0
131,865718153858494464,4853,22948
132,865359393868664832,4295,23627
133,865006731092295680,6677,25056
134,864873206498414592,7498,28881
135,864279568663928832,2585,13079
136,864197398364647424,7594,26657
137,863907417377173506,3594,18458
138,863553081350529029,3635,13691
139,863471782782697472,2092,0
140,863432100342583297,4561,21324
141,863427515083354112,80,1961
142,863079547188785154,953,7911
143,863062471531167744,2092,7532
144,862831371563274240,4461,17229
145,862722525377298433,3091,15348
146,862457590147678208,4258,18297
147,862096992088072192,20017,66361
148,861383897657036800,9275,32322
149,861288531465048066,3594,15363
150,861005113778896900,3340,15004
151,860981674716409858,1858,0
152,860924035999428608,679,0
153,860563773140209665,1858,6732
154,860524505164394496,4608,21280
155,860276583193509888,3075,16597
156,860184849394610176,5129,15032
157,860177593139703809,26778,0
158,859924526012018688,3587,17655
159,859851578198683649,3072,13987
160,859607811541651456,1366,16848
161,859196978902773760,26304,80637
162,859074603037188101,11982,30463
163,858860390427611136,7091,0
164,858843525470990336,3029,14135
165,858471635011153920,4267,19509
166,858107933456039936,2540,14255
167,857989990357356544,2269,14503
168,857746408056729600,9360,30842
169,857393404942143489,1444,5315
170,857263160327368704,3986,18273
171,857214891891077121,16,204
172,857062103051644929,148,0
173,857029823797047296,3493,17064
174,856543823941562368,2551,14853
175,856526610513747968,1654,10833
176,856288084350160898,15,488
177,856282028240666624,5586,25267
178,855862651834028034,21,303
179,855860136149123072,853,4412
180,855857698524602368,1864,10868
181,855851453814013952,16143,41929
182,855818117272018944,4820,24297
183,855459453768019968,7313,27133
184,855245323840757760,5274,0
185,855138241867124737,36,0
186,854732716440526848,5362,20712
187,854482394044301312,6035,26619
188,854365224396361728,4157,17226
189,854120357044912130,6602,29268
190,854010172552949760,2797,14848
191,853760880890318849,5118,26119
192,853639147608842240,8892,31594
193,853299958564483072,3174,14188
194,852936405516943360,1790,0
195,852912242202992640,1602,8266
196,852672615818899456,1915,13662
197,852311364735569921,8890,30399
198,852226086759018497,6104,18372
199,852189679701164033,1420,10581
200,851591660324737024,3129,14982
201,851464819735769094,6323,22295
202,851224888060895234,5178,19074
203,850753642995093505,8097,28193
204,850380195714523136,2335,12097
205,850333567704068097,301,3196
206,850145622816686080,3402,15070
207,850019790995546112,4382,18811
208,849776966551130114,6832,27954
209,849668094696017920,4455,0
210,849412302885593088,2836,14694
211,849336543269576704,1695,10569
212,849051919805034497,7643,39076
213,848690551926992896,3933,23308
214,848324959059550208,4167,22870
215,848213670039564288,646,7548
216,848212111729840128,2722,15059
217,847978865427394560,2929,0
218,847971574464610304,396,0
219,847962785489326080,4588,21766
220,847842811428974592,1193,5022
221,847617282490613760,376,6475
222,847606175596138505,3096,17379
223,847251039262605312,3925,19005
224,847157206088847362,5265,18407
225,847116187444137987,2881,19903
226,846874817362120707,3556,18655
227,846514051647705089,10408,41277
228,846505985330044928,2766,13096
229,846153765933735936,8190,29145
230,846139713627017216,9180,28861
231,846042936437604353,2595,14843
232,845812042753855489,7886,27076
233,845677943972139009,4389,23483
234,845397057150107648,1622,7098
235,845306882940190720,4871,21666
236,845098359547420673,6955,0
237,844979544864018432,2318,12700
238,844973813909606400,2861,13955
239,844580511645339650,2822,15313
240,844223788422217728,1994,12721
241,843981021012017153,2703,14154
242,843856843873095681,4176,19998
243,843604394117681152,2485,15739
244,843235543001513987,5430,20013
245,842846295480000512,3319,14245
246,842765311967449089,1177,6304
247,842535590457499648,3191,16951
248,842163532590374912,5274,22782
249,842115215311396866,2764,13061
250,841833993020538882,13606,0
251,841680585030541313,7173,24081
252,841439858740625411,3340,11761
253,841320156043304961,5031,18448
254,841314665196081154,4246,14777
255,841077006473256960,4896,21375
256,840761248237133825,1622,0
257,840728873075638272,14625,0
258,840698636975636481,2,165
259,840696689258311684,892,11505
260,840632337062862849,1622,8443
261,840370681858686976,4188,15352
262,840268004936019968,5234,17939
263,839990271299457024,2073,12562
264,839549326359670784,7091,25633
265,839290600511926273,133,0
266,839239871831150596,5957,25276
267,838952994649550848,3668,18411
268,838921590096166913,1859,10440
269,838916489579200512,31,0
270,838831947270979586,10059,0
271,838561493054533637,1234,10267
272,838476387338051585,4355,21021
273,838201503651401729,9228,0
274,838150277551247360,304,1570
275,838085839343206401,1,133
276,838083903487373313,2851,16499
277,837820167694528512,7172,31893
278,837482249356513284,409,3616
279,837471256429613056,2065,12010
280,837110210464448512,2186,15090
281,836989968035819520,2121,11980
282,836753516572119041,4272,18169
283,836677758902222849,2028,11847
284,836648853927522308,509,0
285,836397794269200385,25146,0
286,836380477523124226,2750,13931
287,836260088725786625,3989,19990
288,836001077879255040,3903,17939
289,835685285446955009,7440,0
290,835574547218894849,3307,16693
291,835536468978302976,1548,0
292,835309094223372289,19215,0
293,835297930240217089,2748,15466
294,835264098648616962,1548,7251
295,835246439529840640,63,1992
296,835172783151792128,5308,24619
297,835152434251116546,2765,20991
298,834931633769889797,1496,10126
299,834786237630337024,5118,20257
300,834574053763584002,2319,12838
301,834477809192075265,9794,0
302,834458053273591808,1553,9049
303,834209720923721728,4340,19294
304,834167344700198914,3372,14864
305,834089966724603904,1971,9465
306,834086379323871233,2045,12268
307,833863086058651648,2216,12650
308,833826103416520705,3495,17104
309,833732339549220864,205,0
310,833722901757046785,3005,19727
311,833479644947025920,1895,14041
312,833124694597443584,4455,19023
313,832998151111966721,2026,12461
314,832769181346996225,38,0
315,832757312314028032,3328,15881
316,832682457690300417,2670,11166
317,832645525019123713,485,2745
318,832636094638288896,2570,14936
319,832397543355072512,2040,11259
320,832369877331693569,2929,16113
321,832273440279240704,2150,10669
322,832215909146226688,5738,0
323,832215726631055365,8604,0
324,832088576586297345,2,59
325,832040443403784192,8842,0
326,832032802820481025,4309,16799
327,831939777352105988,5669,22510
328,831926988323639298,34,319
329,831911600680497154,5994,25891
330,831670449226514432,1690,9813
331,831650051525054464,1790,6694
332,831552930092285952,2165,8473
333,831322785565769729,1447,8765
334,831315979191906304,1040,6182
335,831309418084069378,2275,11112
336,831262627380748289,1895,11190
337,830956169170665475,1379,7527
338,830583320585068544,15442,62546
339,830173239259324417,5255,0
340,830097400375152640,2706,9184
341,829878982036299777,4617,0
342,829861396166877184,1797,11546
343,829501995190984704,9794,29928
344,829449946868879360,1864,9898
345,829141528400556032,6785,22942
346,829011960981237760,15137,50337
347,828801551087042563,3169,0
348,828770345708580865,5407,24134
349,828708714936930305,10351,34316
350,828650029636317184,1243,8968
351,828409743546925057,1082,6051
352,828408677031882754,1189,7263
353,828381636999917570,2065,11890
354,828376505180889089,996,6992
355,828372645993398273,2730,11884
356,828361771580813312,165,2073
357,828046555563323392,2660,11071
358,828011680017821696,1999,9786
359,827933404142436356,4843,18879
360,827653905312006145,2798,14611
361,827600520311402496,865,7064
362,827324948884643840,2812,14969
363,827199976799354881,2064,10011
364,826958653328592898,4617,20342
365,826848821049180160,9356,34080
366,826615380357632002,3686,0
367,826598799820865537,230,4865
368,826598365270007810,2183,9460
369,826476773533745153,3896,17394
370,826204788643753985,856,4602
371,826115272272650244,2875,14752
372,825876512159186944,1738,9930
373,825829644528148480,2338,12034
374,825535076884762624,16367,54012
375,825147591692263424,4190,17275
376,825120256414846976,1168,0
377,825026590719483904,1168,5915
378,824796380199809024,5108,0
379,824775126675836928,3278,14073
380,824663926340194305,1649,9946
381,824325613288833024,9898,11188
382,824297048279236611,3572,14238
383,824025158776213504,558,4582
384,823939628516474880,2541,10062
385,823719002937630720,10371,0
386,823699002998870016,2336,13222
387,823581115634085888,2448,12280
388,823333489516937216,22,662
389,823322678127919110,3720,14840
390,823269594223824897,9241,0
391,822975315408461824,3200,16382
392,822872901745569793,39940,124162
393,822859134160621569,2111,12466
394,822647212903690241,5959,0
395,822610361945911296,2736,13983
396,822489057087389700,5959,17131
397,822462944365645825,13164,26332
398,822244816520155136,9241,33128
399,822163064745328640,4385,0
400,821886076407029760,2144,10682
401,821813639212650496,3127,0
402,821765923262631936,1557,7910
403,821522889702862852,1633,7576
404,821421320206483457,5131,0
405,821407182352777218,3997,11112
406,821153421864615936,9,236
407,821149554670182400,1826,8116
408,821107785811234820,1975,9079
409,821044531881721856,2127,11970
410,820837357901512704,6246,0
411,820749716845686786,9228,29856
412,820690176645140481,3004,11594
413,820494788566847489,523,0
414,820446719150292993,2396,0
415,820314633777061888,523,3163
416,820078625395449857,5798,18664
417,820013781606658049,1082,0
418,819952236453363712,1082,5019
419,819924195358416896,4550,12245
420,819711362133872643,2878,12628
421,819588359383371776,1870,9166
422,819347104292290561,1116,6849
423,819238181065359361,379,2141
424,819227688460238848,6246,21805
425,819015337530290176,34559,0
426,819015331746349057,17806,0
427,819006400881917954,17806,43058
428,819004803107983360,34559,82731
429,818646164899774465,19466,0
430,818627210458333184,7063,21242
431,818614493328580609,2355,9312
432,818588835076603904,5700,0
433,818536468981415936,2274,10282
434,818307523543449600,7470,0
435,818259473185828864,2088,10425
436,818145370475810820,2370,11625
437,817908911860748288,741,4610
438,817827839487737858,25146,48673
439,817777686764523521,2521,10230
440,817536400337801217,2731,11134
441,817502432452313088,3146,0
442,817423860136083457,13606,31889
443,817415592588222464,890,5300
444,817181837579653120,7875,0
445,817171292965273600,1871,8317
446,817120970343411712,2415,11551
447,817056546584727552,1519,8146
448,816829038950027264,4396,0
449,816816676327063552,1898,9486
450,816697700272001025,2059,9250
451,816450570814898180,7470,28732
452,816336735214911488,1804,8171
453,816091915477250048,1991,8485
454,816062466425819140,944,0
455,816014286006976512,4888,0
456,815990720817401858,944,4692
457,815966073409433600,7875,21149
458,815745968457060357,3862,0
459,815736392542261248,2122,9315
460,815639385530101762,1555,7828
461,815390420867969024,3573,9833
462,814986499976527872,1187,7259
463,814638523311648768,2527,10699
464,814578408554463233,5465,0
465,814530161257443328,1742,8221
466,814153002265309185,8116,27279
467,813944609378369540,2960,0
468,813910438903693312,1735,8860
469,813812741911748608,13044,34660
470,813800681631023104,1650,7885
471,813217897535406080,6852,17704
472,813202720496779264,1707,8776
473,813187593374461952,4048,18849
474,813172488309972993,1809,8815
475,813157409116065792,2067,7385
476,813142292504645637,2245,8090
477,813130366689148928,418,4264
478,813127251579564032,2924,11217
479,813112105746448384,2572,9800
480,813096984823349248,3391,10044
481,813081950185472002,2598,9426
482,813066809284972545,1830,7546
483,813051746834595840,6867,19932
484,812781120811126785,1787,7160
485,812709060537683968,1353,6296
486,812503143955202048,1148,5745
487,812466873996607488,1802,7578
488,812372279581671427,3427,12947
489,811985624773361665,1312,6919
490,811744202451197953,1479,7165
491,811647686436880384,682,5323
492,811627233043480576,2856,12084
493,811386762094317568,5989,19877
494,810984652412424192,1334,5061
495,810896069567610880,1646,8551
496,810657578271330305,2471,10435
497,810284430598270976,10503,33349
498,810254108431155201,3169,13987
499,809920764300447744,3686,14793
500,809808892968534016,4584,0
501,809448704142938112,1371,6614
502,809220051211603969,5255,18907
503,809084759137812480,3307,12572
504,808838249661788160,2868,9649
505,808733504066486276,2034,7515
506,808501579447930884,2456,10763
507,808344865868283904,19466,40241
508,808134635716833280,5526,0
509,808106460588765185,2071,8394
510,808001312164028416,3318,11863
511,807621403335917568,3392,13871
512,807106840509214720,51714,111749
513,807059379405148160,6898,0
514,807010152071229440,3638,12487
515,806629075125202948,32411,70676
516,806620845233815552,5150,0
517,806576416489959424,1826,4665
518,806542213899489280,2218,9745
519,806242860592926720,10894,0
520,806219024703037440,1134,6140
521,805958939288408065,5020,0
522,805932879469572096,1803,7892
523,805826884734976000,1717,6247
524,805823200554876929,7484,0
525,805520635690676224,1552,5487
526,805487436403003392,2382,8358
527,805207613751304193,1629,7485
528,804738756058218496,3604,13004
529,804475857670639616,1892,5851
530,804413760345620481,3013,0
531,804026241225523202,15071,42106
532,803773340896923648,2591,9567
533,803692223237865472,6933,0
534,803638050916102144,3887,10387
535,803380650405482500,1770,7400
536,803321560782307329,4963,0
537,803276597545603072,2301,9564
538,802952499103731712,1875,8585
539,802624713319034886,2728,0
540,802600418706604034,1385,6770
541,802572683846291456,2360,8525
542,802323869084381190,5488,15355
543,802265048156610565,1299,6627
544,802239329049477120,2460,8656
545,802185808107208704,251,0
546,801958328846974976,1598,7370
547,801854953262350336,219,1726
548,801538201127157760,1954,7825
549,801285448605831168,773,5748
550,801167903437357056,5526,23203
551,801127390143516673,3703,0
552,801115127852503040,1986,7685
553,800859414831898624,91,647
554,800855607700029440,1520,0
555,800751577355128832,2638,10098
556,800513324630806528,2834,12509
557,800459316964663297,2063,9053
558,800443802682937345,4030,0
559,800388270626521089,2638,10630
560,800188575492947969,3698,0
561,800141422401830912,2396,14524
562,800018252395122689,12337,26936
563,799774291445383169,4376,0
564,799757965289017345,2005,7983
565,799422933579902976,1801,7693
566,799308762079035393,5095,0
567,799297110730567681,2569,9395
568,799063482566066176,2342,7699
569,798933969379225600,4162,12437
570,798925684722855936,1363,7163
571,798705661114773508,6225,0
572,798701998996647937,7258,0
573,798697898615730177,6104,0
574,798694562394996736,4645,0
575,798686750113755136,2181,0
576,798682547630837760,4438,0
577,798673117451325440,5228,0
578,798665375516884993,3679,0
579,798644042770751489,1747,0
580,798628517273620480,1867,0
581,798585098161549313,5279,0
582,798576900688019456,5492,0
583,798340744599797760,3143,0
584,798209839306514432,2425,9931
585,797971864723324932,2893,10968
586,797545162159308800,4623,13892
587,797236660651966464,6168,18955
588,797165961484890113,24,214
589,796904159865868288,8360,0
590,796865951799083009,1830,7322
591,796759840936919040,2838,11220
592,796563435802726400,6755,0
593,796484825502875648,1654,7194
594,796387464403357696,3895,10471
595,796177847564038144,13391,0
596,796149749086875649,13391,30557
597,796125600683540480,1686,4739
598,796116448414461957,2254,8652
599,796080075804475393,2173,8028
600,796031486298386433,3505,10284
601,795464331001561088,22000,46850
602,795400264262053889,2688,9522
603,795076730285391872,5108,15358
604,794983741416415232,3162,0
605,794926597468000259,2164,9694
606,794355576146903043,9674,0
607,794332329137291264,2541,9144
608,794205286408003585,3117,8780
609,793962221541933056,4584,15922
610,793845145112371200,1750,8783
611,793614319594401792,2932,0
612,793601777308463104,1519,7589
613,793500921481273345,2237,10137
614,793286476301799424,8604,23370
615,793271401113350145,2250,8263
616,793256262322548741,7814,18957
617,793241302385262592,3082,10003
618,793226087023144960,2721,9294
619,793210959003287553,2614,8489
620,793195938047070209,5282,14470
621,793180763617361921,1867,6575
622,793165685325201412,2631,8915
623,793150605191548928,1598,5860
624,793135492858580992,2363,6092
625,793120401413079041,3693,12039
626,792913359805018113,3719,13617
627,792883833364439040,4008,10723
628,792773781206999040,1574,7007
629,792394556390137856,4020,12742
630,792050063153438720,1674,6784
631,791821351946420224,19733,0
632,791784077045166082,8915,0
633,791780927877898241,3563,0
634,791774931465953280,20791,42812
635,791672322847637504,2932,11161
636,791406955684368384,3862,12497
637,791312159183634433,2369,8330
638,791026214425268224,3822,0
639,790987426131050500,1992,9316
640,790946055508652032,4396,15878
641,790723298204217344,2148,0
642,790698755171364864,1809,7811
643,790581949425475584,6656,19589
644,790337589677002753,1770,7426
645,790277117346975746,2960,11916
646,790227638568808452,3316,0
647,789986466051088384,2148,8813
648,789960241177853952,3841,0
649,789903600034189313,3889,9799
650,789628658055020548,1652,7088
651,789599242079838210,1797,6387
652,789530877013393408,3162,11098
653,789314372632018944,2141,8204
654,789280767834746880,4594,0
655,789268448748703744,2450,8672
656,789137962068021249,2610,9232
657,788908386943430656,11723,26100
658,788765914992902144,9674,25932
659,788552643979468800,6672,0
660,788412144018661376,4934,14743
661,788178268662984705,1981,6909
662,788150585577050112,1202,5796
663,788070120937619456,3217,0
664,788039637453406209,1231,5803
665,787717603741622272,2589,9715
666,787397959788929025,2670,10346
667,787322443945877504,1628,7406
668,787111942498508800,6302,0
669,786963064373534720,7440,25307
670,786729988674449408,2277,0
671,786709082849828864,5738,17383
672,786664955043049472,2368,10059
673,786595970293370880,2922,8991
674,786363235746385920,3223,10289
675,786286427768250368,2651,7568
676,786233965241827333,4385,14422
677,786051337297522688,148,1355
678,786036967502913536,6507,0
679,785927819176054784,2993,10825
680,785872687017132033,1674,6351
681,785639753186217984,2106,7465
682,785533386513321988,1843,8604
683,785515384317313025,1166,5800
684,785264754247995392,1520,6913
685,785170936622350336,4505,11388
686,784826020293709826,3013,9585
687,784517518371221505,2369,8504
688,784431430411685888,1184,5451
689,784183165795655680,7484,18981
690,784057939640352768,10371,28137
691,783839966405230592,10059,28424
692,783821107061198850,1830,6996
693,783695101801398276,2992,9882
694,783466772167098368,2077,7990
695,783391753726550016,5099,16014
696,783347506784731136,5151,0
697,783334639985389568,10894,27519
698,783085703974514689,2022,7744
699,782969140009107456,6898,22840
700,782747134529531904,1319,7077
701,782722598790725632,5020,16312
702,782598640137187329,1768,7388
703,782305867769217024,5131,15728
704,782021823840026624,5744,0
705,781955203444699136,3141,10580
706,781661882474196992,2529,9889
707,781655249211752448,1053,3787
708,781524693396357120,5150,19607
709,781308096455073793,2385,6755
710,781251288990355457,1931,7927
711,781163403222056960,2584,9284
712,780931614150983680,6755,20501
713,780858289093574656,1868,6810
714,780800785462489090,1202,5196
715,780601303617732608,3127,11434
716,780543529827336192,1628,5954
717,780496263422808064,3428,0
718,780476555013349377,103,0
719,780459368902959104,1005,5002
720,780192070812196864,2091,8224
721,780092040432480260,2139,0
722,780074436359819264,4575,11436
723,779834332596887552,6507,17776
724,779377524342161408,2892,8262
725,779124354206535695,17038,0
726,779056095788752897,4215,13914
727,778990705243029504,6663,18767
728,778774459159379968,9165,0
729,778764940568104960,338,823
730,778748913645780993,1208,6467
731,778650543019483137,1393,5429
732,778624900596654080,943,4346
733,778408200802557953,4011,12876
734,778396591732486144,11350,0
735,778383385161035776,1019,5508
736,778286810187399168,3065,9747
737,778039087836069888,2469,7997
738,778027034220126208,1494,6203
739,777953400541634568,3273,0
740,777885040357281792,1517,5999
741,777684233540206592,2728,10632
742,777641927919427584,3924,0
743,777621514455814149,2344,8229
744,777189768882946048,3988,13336
745,776819012571455488,12619,0
746,776813020089548800,1114,4608
747,776477788987613185,2562,8256
748,776249906839351296,8473,0
749,776218204058357768,14746,28130
750,776201521193218049,2337,9035
751,776113305656188928,4030,11128
752,776088319444877312,141,1717
753,775898661951791106,15549,0
754,775842724423557120,2466,11044
755,775733305207554048,3703,13094
756,775729183532220416,4282,12282
757,775364825476165632,2717,6953
758,775350846108426240,3629,9587
759,775085132600442880,4376,14635
760,774757898236878852,1656,8142
761,774639387460112384,1616,6368
762,774314403806253056,5095,20564
763,773985732834758656,3589,10171
764,773922284943896577,1629,6064
765,773704687002451968,1498,6242
766,773670353721753600,1225,5060
767,773547596996571136,5700,20836
768,773336787167145985,4677,0
769,773308824254029826,6955,22000
770,773247561583001600,3008,8891
771,773191612633579521,3809,9401
772,772877495989305348,3581,8055
773,772826264096874500,2212,7574
774,772615324260794368,3122,0
775,772581559778025472,1588,6118
776,772193107915964416,1291,5686
777,772152991789019136,1054,3596
778,772117678702071809,688,3556
779,772114945936949249,440,2585
780,772102971039580160,866,3777
781,771908950375665664,1758,6194
782,771770456517009408,3143,11299
783,771500966810099713,2423,7782
784,771380798096281600,4677,9925
785,771171053431250945,6903,0
786,771136648247640064,2711,8618
787,771102124360998913,1337,5869
788,771014301343748096,1539,6492
789,770787852854652928,1105,4625
790,770772759874076672,1328,4894
791,770655142660169732,1670,6932
792,770414278348247044,1928,5952
793,770293558247038976,1357,5859
794,770093767776997377,2818,0
795,770069151037685760,2127,7154
796,769940425801170949,8842,29322
797,769695466921623552,1564,6050
798,769335591808995329,7135,0
799,769212283578875904,1601,5089
800,768970937022709760,6006,13417
801,768909767477751808,2444,0
802,768855141948723200,827,3941
803,768609597686943744,1099,3864
804,768596291618299904,1189,4739
805,768554158521745409,5390,0
806,768473857036525572,3163,12787
807,768193404517830656,3273,10205
808,767884188863397888,1266,4473
809,767754930266464257,4963,15001
810,767500508068192258,2152,7066
811,767191397493538821,3481,11553
812,767122157629476866,2652,9563
813,766793450729734144,1260,4755
814,766714921925144576,348,2466
815,766693177336135680,730,3800
816,766423258543644672,1459,5646
817,766313316352462849,1735,6349
818,766078092750233600,2424,0
819,766069199026450432,778,3952
820,766008592277377025,461,3544
821,765719909049503744,1997,6812
822,765669560888528897,1133,4860
823,765395769549590528,3119,25139
824,765371061932261376,2007,6686
825,765222098633691136,3122,10943
826,764857477905154048,1650,6091
827,764259802650378240,1395,5649
828,763956972077010945,50,734
829,763837565564780549,3822,11780
830,763183847194451968,1359,5066
831,763167063695355904,2755,0
832,763103485927849985,2125,6942
833,762699858130116608,3316,11377
834,762471784394268675,5926,10525
835,762464539388485633,3841,9659
836,762316489655476224,1030,4508
837,762035686371364864,14317,29852
838,761976711479193600,1830,5052
839,761750502866649088,3590,0
840,761745352076779520,794,4027
841,761672994376806400,26778,46327
842,761599872357261312,1102,3889
843,761371037149827077,16673,0
844,761334018830917632,1342,4838
845,761292947749015552,1001,4200
846,761227390836215808,1447,5010
847,761004547850530816,3217,10660
848,760893934457552897,890,3578
849,760656994973933572,1753,6187
850,760641137271070720,1190,4685
851,760539183865880579,3349,7086
852,760521673607086080,1288,3929
853,760290219849637889,10582,25113
854,760252756032651264,798,3714
855,760190180481531904,1655,5362
856,760153949710192640,28,0
857,759943073749200896,1934,5541
858,759846353224826880,1801,6300
859,759793422261743616,1764,5591
860,759557299618865152,1106,4408
861,759447681597108224,2277,7954
862,759446261539934208,454,1566
863,759197388317847553,1804,5706
864,759159934323924993,1068,0
865,759099523532779520,3829,13645
866,759047813560868866,1852,6082
867,758854675097526272,843,3331
868,758828659922702336,3559,10493
869,758740312047005698,1500,5386
870,758474966123810816,918,3566
871,758467244762497024,2031,4482
872,758405701903519748,1767,4884
873,758355060040593408,967,3163
874,758099635764359168,9165,17752
875,758041019896193024,339,2538
876,757741869644341248,3031,6433
877,757729163776290825,7216,0
878,757725642876129280,1114,4259
879,757611664640446465,1011,4298
880,757597904299253760,278,0
881,757596066325864448,959,4080
882,757400162377592832,6331,14162
883,757393109802180609,1580,5456
884,757354760399941633,1302,4218
885,756998049151549440,1836,5882
886,756939218950160384,1843,6230
887,756651752796094464,1193,4709
888,756526248105566208,3306,9727
889,756303284449767430,1006,3707
890,756288534030475264,16338,41254
891,756275833623502848,1408,5988
892,755955933503782912,2635,6835
893,755206590534418437,4916,15329
894,755110668769038337,10201,19777
895,754874841593970688,7254,0
896,754856583969079297,2312,6457
897,754747087846248448,478,2424
898,754482103782404096,1794,4943
899,754449512966619136,673,3512
900,754120377874386944,2164,7407
901,753655901052166144,1998,5465
902,753420520834629632,3240,7361
903,753398408988139520,1734,5364
904,753375668877008896,2139,7157
905,753298634498793472,5216,0
906,753294487569522689,961,3132
907,753039830821511168,19215,34639
908,753026973505581056,879,3661
909,752932432744185856,6302,11777
910,752917284578922496,1444,6515
911,752701944171524096,2622,0
912,752682090207055872,1463,5615
913,752660715232722944,1425,4085
914,752568224206688256,2090,5122
915,752519690950500352,3157,6872
916,752334515931054080,1010,3599
917,752309394570878976,14914,0
918,752173152931807232,1674,5555
919,751950017322246144,832,2855
920,751937170840121344,1202,4842
921,751830394383790080,1791,5448
922,751793661361422336,2622,5404
923,751598357617971201,2834,7423
924,751583847268179968,1006,4113
925,751538714308972544,1149,4730
926,751456908746354688,925,3016
927,751251247299190784,5398,11750
928,751205363882532864,1668,5914
929,751132876104687617,1188,4734
930,750868782890057730,1252,4473
931,750719632563142656,4594,12278
932,750506206503038976,1056,4145
933,750429297815552001,3924,12315
934,750383411068534784,1042,4272
935,750381685133418496,27,670
936,750147208377409536,877,2917
937,750132105863102464,1184,3378
938,750117059602808832,1213,4059
939,750101899009982464,777,2853
940,750086836815486976,493,2028
941,750071704093859840,3038,7262
942,750056684286914561,822,2961
943,750041628174217216,568,2971
944,750026558547456000,721,2536
945,750011400160841729,821,3018
946,749996283729883136,758,2838
947,749981277374128128,2279,4787
948,749774190421639168,1213,4359
949,749417653287129088,1518,5699
950,749403093750648834,493,2445
951,749395845976588288,3158,7974
952,749317047558017024,2052,5107
953,749075273010798592,1890,5377
954,749064354620928000,1409,4508
955,749036806121881602,731,2886
956,748977405889503236,3138,10048
957,748932637671223296,2064,5416
958,748705597323898880,879,2589
959,748699167502000129,1460,4421
960,748692773788876800,1230,3962
961,748575535303884801,1814,5644
962,748568946752774144,611,2051
963,748346686624440324,1124,4865
964,748337862848962560,3742,7075
965,748324050481647620,695,3463
966,748307329658011649,656,3450
967,748220828303695873,7128,13162
968,747963614829678593,1961,5394
969,747933425676525569,2361,6182
970,747885874273214464,882,2728
971,747844099428986880,677,2633
972,747816857231626240,1061,4506
973,747651430853525504,144,1276
974,747648653817413632,5342,11994
975,747600769478692864,523,2172
976,747594051852075008,951,3429
977,747512671126323200,1478,5142
978,747461612269887489,950,3601
979,747439450712596480,1753,5046
980,747242308580548608,2638,0
981,747219827526344708,1444,4902
982,747204161125646336,833,3130
983,747103485104099331,3632,8907
984,746906459439529985,271,2726
985,746872823977771008,1953,5585
986,746818907684614144,1599,4956
987,746790600704425984,1467,4531
988,746757706116112384,3563,8863
989,746726898085036033,1642,5644
990,746542875601690625,1748,4700
991,746521445350707200,901,0
992,746507379341139972,991,4346
993,746369468511756288,1491,5774
994,746131877086527488,2006,6408
995,746056683365994496,743,3328
996,745789745784041472,966,3680
997,745712589599014916,2134,6516
998,745433870967832576,2314,6553
999,745422732645535745,2208,7953
1000,745314880350101504,2486,6616
1001,745074613265149952,3189,7290
1002,745057283344719872,2057,6765
1003,744995568523612160,569,2751
1004,744971049620602880,2451,7315
1005,744709971296780288,1442,5233
1006,744334592493166593,1938,6345
1007,744234799360020481,70784,144952
1008,744223424764059648,327,1535
1009,743980027717509120,1006,3905
1010,743895849529389061,881,3410
1011,743835915802583040,1875,0
1012,743609206067040256,1270,4166
1013,743595368194129920,5969,16999
1014,743545585370791937,863,3286
1015,743510151680958465,3422,7421
1016,743253157753532416,1125,3938
1017,743222593470234624,1745,5742
1018,743210557239623680,1239,3559
1019,742534281772302336,3286,6574
1020,742528092657332225,1797,4115
1021,742465774154047488,3611,6767
1022,742423170473463808,3428,9117
1023,742385895052087300,1780,6298
1024,742161199639494656,1249,4013
1025,742150209887731712,1402,4724
1026,741793263812808706,1388,4220
1027,741743634094141440,2506,7558
1028,741438259667034112,749,3421
1029,741303864243200000,2930,8145
1030,741099773336379392,5032,9248
1031,741067306818797568,2818,8876
1032,740995100998766593,2478,5839
1033,740711788199743490,865,3153
1034,740699697422163968,710,2652
1035,740676976021798912,6225,16862
1036,740373189193256964,12150,32623
1037,740365076218183684,389,2254
1038,740359016048689152,798,3052
1039,740214038584557568,1791,6197
1040,739979191639244800,5390,18537
1041,739932936087216128,988,3764
1042,739844404073074688,791,3535
1043,739623569819336705,1242,3504
1044,739606147276148736,1496,5003
1045,739544079319588864,19291,36521
1046,739485634323156992,2645,6614
1047,739238157791694849,52928,107301
1048,738891149612572673,6,91
1049,738885046782832640,1047,3506
1050,738883359779196928,724,3054
1051,738537504001953792,1401,4713
1052,738402415918125056,744,3020
1053,738184450748633089,1109,3986
1054,738166403467907072,3043,8095
1055,738156290900254721,587,2293
1056,737826014890496000,1611,4844
1057,737800304142471168,3179,9293
1058,737678689543020544,1203,4641
1059,737445876994609152,4072,9473
1060,737322739594330112,737,3329
1061,737310737551491075,6764,13557
1062,736736130620620800,1545,3892
1063,736392552031657984,6672,16375
1064,736365877722001409,1118,3685
1065,736225175608430592,2551,7505
1066,736010884653420544,2711,7265
1067,735991953473572864,1038,3304
1068,735648611367784448,1017,3738
1069,735635087207878657,2148,5680
1070,735274964362878976,4555,12061
1071,735256018284875776,804,3076
1072,735137028879360001,886,2886
1073,734912297295085568,472,2551
1074,734787690684657664,5768,11588
1075,734776360183431168,489,2328
1076,734559631394082816,355,1378
1077,733828123016450049,718,3312
1078,733822306246479872,932,3393
1079,733482008106668032,855,2885
1080,733460102733135873,1141,3878
1081,732732193018155009,484,2234
1082,732726085725589504,801,3299
1083,732585889486888962,713,3368
1084,732375214819057664,2288,7447
1085,732005617171337216,4888,13720
1086,731285275100512256,904,3226
1087,731156023742988288,1145,3554
1088,730924654643314689,1792,5658
1089,730573383004487680,1919,4479
1090,730427201120833536,942,3212
1091,730211855403241472,960,3509
1092,730196704625098752,1710,4452
1093,729854734790754305,1018,3723
1094,729838605770891264,339,1604
1095,729823566028484608,1128,3664
1096,729463711119904772,2100,5333
1097,729113531270991872,288,1743
1098,728986383096946689,742,2897
1099,728760639972315136,1547,4304
1100,728751179681943552,619,2554
1101,728653952833728512,949,3068
1102,728409960103686147,1827,4511
1103,728387165835677696,880,3432
1104,728046963732717569,1086,3952
1105,728035342121635841,1516,4170
1106,728015554473250816,993,3798
1107,727685679342333952,577,2737
1108,727644517743104000,1592,5404
1109,727524757080539137,1089,4122
1110,727314416056803329,673,3073
1111,727286334147182592,748,2834
1112,727175381690781696,1247,3604
1113,727155742655025152,1202,3336
1114,726935089318363137,2214,6324
1115,726887082820554753,1372,3537
1116,726828223124897792,920,3312
1117,726224900189511680,1044,4091
1118,725842289046749185,2424,6537
1119,725786712245440512,1250,3855
1120,725729321944506368,1611,4807
1121,725458796924002305,557,1308
1122,724983749226668032,1172,3452
1123,724771698126512129,568,2163
1124,724405726123311104,1517,4883
1125,724049859469295616,1624,3988
1126,724046343203856385,513,2458
1127,724004602748780546,1395,3841
1128,723912936180330496,1129,3599
1129,723688335806480385,2650,7059
1130,723673163800948736,816,2795
1131,723179728551723008,1696,4876
1132,722974582966214656,1443,3779
1133,722613351520608256,1496,4596
1134,721001180231503872,552,2351
1135,720785406564900865,700,2865
1136,720775346191278080,572,2260
1137,720415127506415616,1367,3808
1138,720389942216527872,2270,5884
1139,720340705894408192,882,2630
1140,720059472081784833,1022,3566
1141,720043174954147842,1822,4587
1142,719991154352222208,1600,4496
1143,719704490224398336,1302,4190
1144,719551379208073216,1717,4659
1145,719367763014393856,692,2606
1146,719339463458033665,1122,4117
1147,719332531645071360,861,3185
1148,718971898235854848,986,3219
1149,718939241951195136,1588,4814
1150,718631497683582976,7258,17402
1151,718613305783398402,430,2265
1152,718540630683709445,927,2245
1153,718460005985447936,480,2512
1154,718454725339934721,1384,4518
1155,718246886998687744,448,1766
1156,718234618122661888,915,3576
1157,717841801130979328,545,2281
1158,717790033953034240,991,2638
1159,717537687239008257,1667,5335
1160,717428917016076293,408,1482
1161,717421804990701568,761,2900
1162,717047459982213120,1746,5820
1163,717009362452090881,873,2988
1164,716802964044845056,1051,3976
1165,716791146589110272,1459,7757
1166,716730379797970944,397,1137
1167,716447146686459905,5330,12049
1168,716439118184652801,191,2203
1169,716285507865542656,969,2566
1170,716080869887381504,1713,6268
1171,715928423106027520,796,2941
1172,715758151270801409,1293,3428
1173,715733265223708672,1536,4301
1174,715704790270025728,515,2569
1175,715696743237730304,1171,3622
1176,715680795826982913,1449,3983
1177,715360349751484417,1415,5051
1178,715342466308784130,627,2800
1179,715220193576927233,591,2224
1180,715200624753819648,1691,4765
1181,715009755312439296,1107,3830
1182,714982300363173890,937,3439
1183,714962719905021952,3848,6762
1184,714957620017307648,1284,3825
1185,714631576617938945,901,3021
1186,714606013974974464,834,3357
1187,714485234495041536,1013,2462
1188,714258258790387713,672,2830
1189,714251586676113411,764,3035
1190,714214115368108032,802,2123
1191,714141408463036416,1285,4015
1192,713919462244790272,724,3053
1193,713909862279876608,486,1755
1194,713900603437621249,665,2629
1195,713761197720473600,1244,4477
1196,713411074226274305,1190,4101
1197,713177543487135744,2601,6670
1198,713175907180089344,1337,4099
1199,712809025985978368,6104,17601
1200,712717840512598017,4522,11355
1201,712668654853337088,1103,3838
1202,712438159032893441,1423,4919
1203,712309440758808576,24,222
1204,712097430750289920,940,3477
1205,712092745624633345,814,2718
1206,712085617388212225,438,3025
1207,712065007010385924,570,2080
1208,711998809858043904,122,0
1209,711968124745228288,2098,7432
1210,711743778164514816,912,2627
1211,711732680602345472,3705,8115
1212,711694788429553666,16673,30351
1213,711652651650457602,823,3562
1214,711363825979756544,1020,3336
1215,711306686208872448,681,3060
1216,711008018775851008,560,2751
1217,710997087345876993,1268,4225
1218,710844581445812225,614,2359
1219,710833117892898816,477,2478
1220,710658690886586372,515,2145
1221,710609963652087808,2164,4446
1222,710588934686908417,1702,4188
1223,710296729921429505,672,2209
1224,710283270106132480,482,2003
1225,710272297844797440,1146,4157
1226,710269109699739648,1019,2205
1227,710153181850935296,814,2691
1228,710140971284037632,807,2526
1229,710117014656950272,1785,5043
1230,709918798883774466,996,3238
1231,709901256215666688,92,610
1232,709852847387627521,1092,3246
1233,709566166965075968,1078,3263
1234,709556954897764353,976,3029
1235,709519240576036864,219,1389
1236,709449600415961088,520,2030
1237,709409458133323776,617,2432
1238,709225125749587968,523,2217
1239,709207347839836162,5200,11457
1240,709198395643068416,591,2274
1241,709179584944730112,611,1860
1242,709158332880297985,367,1883
1243,709042156699303936,1483,4350
1244,708853462201716736,595,1672
1245,708845821941387268,806,2747
1246,708834316713893888,452,1556
1247,708810915978854401,6275,15267
1248,708738143638450176,744,2550
1249,708711088997666817,641,2345
1250,708479650088034305,619,2348
1251,708469915515297792,733,2861
1252,708400866336894977,9099,14707
1253,708356463048204288,1201,3310
1254,708349470027751425,678,2194
1255,708149363256774660,1415,3997
1256,708130923141795840,786,3106
1257,708119489313951744,899,2490
1258,708109389455101952,502,1807
1259,708026248782585858,1755,4078
1260,707995814724026368,1018,2882
1261,707983188426153984,2,45
1262,707969809498152960,870,2494
1263,707776935007539200,875,3016
1264,707741517457260545,558,2295
1265,707738799544082433,2211,3746
1266,707693576495472641,920,3133
1267,707629649552134146,788,2361
1268,707610948723478529,5744,15639
1269,707420581654872064,636,2077
1270,707411934438625280,546,2120
1271,707387676719185920,1151,3226
1272,707377100785885184,979,3020
1273,707315916783140866,580,2289
1274,707297311098011648,713,2589
1275,707059547140169728,619,2407
1276,707038192327901184,720,2021
1277,707021089608753152,1227,3743
1278,707014260413456384,546,2122
1279,706904523814649856,7135,13478
1280,706901761596989440,528,1892
1281,706681918348251136,896,3033
1282,706644897839910912,990,2356
1283,706593038911545345,582,1990
1284,706538006853918722,1299,3202
1285,706516534877929472,932,2882
1286,706346369204748288,844,3184
1287,706310011488698368,7159,19589
1288,706291001778950144,439,1572
1289,706265994973601792,852,2527
1290,706169069255446529,2007,3600
1291,706166467411222528,1459,4746
1292,706153300320784384,346,1365
1293,705975130514706432,666,2869
1294,705970349788291072,800,2935
1295,705898680587526145,497,2195
1296,705786532653883392,469,1799
1297,705591895322394625,1036,2921
1298,705475953783398401,833,2753
1299,705442520700944385,1465,4079
1300,705428427625635840,1526,3524
1301,705239209544720384,679,2779
1302,705223444686888960,716,2383
1303,705102439679201280,476,1967
1304,705066031337840642,556,2020
1305,704871453724954624,1019,3970
1306,704859558691414016,477,2076
1307,704847917308362754,1371,4714
1308,704819833553219584,900,2456
1309,704761120771465216,2638,6152
1310,704499785726889984,908,2668
1311,704491224099647488,71,690
1312,704480331685040129,983,3156
1313,704364645503647744,3238,7363
1314,704347321748819968,314,1449
1315,704134088924532736,413,1390
1316,704113298707505153,521,1719
1317,704054845121142784,845,2700
1318,703774238772166656,405,1712
1319,703769065844768768,1025,3023
1320,703631701117943808,602,2370
1321,703611486317502464,1386,3553
1322,703425003149250560,1225,3510
1323,703407252292673536,624,2261
1324,703382836347330562,1035,3231
1325,703356393781329922,347,1772
1326,703268521220972544,495,1829
1327,703079050210877440,2811,6833
1328,703041949650034688,11350,24387
1329,702932127499816960,655,2376
1330,702899151802126337,413,1485
1331,702684942141153280,966,2992
1332,702671118226825216,509,2024
1333,702598099714314240,3146,11360
1334,702539513671897089,875,2655
1335,702332542343577600,1388,2942
1336,702321140488925184,956,3035
1337,702276748847800320,696,2287
1338,702217446468493312,1229,4402
1339,701981390485725185,894,3169
1340,701952816642965504,933,3551
1341,701889187134500865,1259,3257
1342,701805642395348998,1512,3130
1343,701601587219795968,416,1931
1344,701570477911896070,841,2585
1345,701545186879471618,552,2458
1346,701214700881756160,4645,11302
1347,700890391244103680,511,2047
1348,700864154249383937,561,2405
1349,700847567345688576,453,2283
1350,700796979434098688,864,2263
1351,700747788515020802,8473,21065
1352,700518061187723268,723,2400
1353,700505138482569216,524,2114
1354,700462010979500032,1628,3790
1355,700167517596164096,657,2439
1356,700151421916807169,611,2060
1357,700143752053182464,2444,6945
1358,700062718104104960,615,2454
1359,700029284593901568,532,1921
1360,700002074055016451,1206,3038
1361,699801817392291840,852,2780
1362,699788877217865730,470,2066
1363,699779630832685056,1112,2512
1364,699775878809702401,541,1812
1365,699691744225525762,4169,9492
1366,699446877801091073,2402,5527
1367,699434518667751424,468,2036
1368,699423671849451520,290,1252
1369,699413908797464576,573,1933
1370,699370870310113280,395,1756
1371,699323444782047232,784,2910
1372,699088579889332224,568,2091
1373,699079609774645248,576,2261
1374,699072405256409088,1081,2724
1375,699060279947165696,1627,3438
1376,699036661657767936,1094,2411
1377,698989035503689728,879,3089
1378,698953797952008193,832,2492
1379,698907974262222848,556,2344
1380,698710712454139905,621,2278
1381,698703483621523456,337,1331
1382,698635131305795584,315,1198
1383,698549713696649216,561,2150
1384,698355670425473025,397,1708
1385,698342080612007937,873,2082
1386,698262614669991936,1801,4418
1387,698195409219559425,5465,15553
1388,698178924120031232,678,2597
1389,697995514407682048,307,1416
1390,697990423684476929,1175,3023
1391,697943111201378304,618,2209
1392,697881462549430272,1059,2790
1393,697630435728322560,498,1604
1394,697616773278015490,926,2901
1395,697596423848730625,1137,2791
1396,697575480820686848,455,1895
1397,697516214579523584,997,1882
1398,697482927769255936,604,2246
1399,697463031882764288,1276,3178
1400,697270446429966336,1721,4356
1401,697259378236399616,909,3048
1402,697255105972801536,1059,2854
1403,697242256848379904,618,2334
1404,696900204696625153,941,2928
1405,696894894812565505,621,2176
1406,696886256886657024,1632,4459
1407,696877980375769088,643,2267
1408,696754882863349760,329,1375
1409,696744641916489729,838,1898
1410,696713835009417216,588,2183
1411,696518437233913856,1574,3647
1412,696490539101908992,127,1137
1413,696488710901260288,930,2320
1414,696405997980676096,1056,2935
1415,696100768806522880,588,1780
1416,695816827381944320,1057,2771
1417,695794761660297217,709,2923
1418,695767669421768709,666,1712
1419,695629776980148225,1900,4213
1420,695446424020918272,1658,4105
1421,695409464418041856,3261,8018
1422,695314793360662529,1306,3348
1423,695095422348574720,552,2466
1424,695074328191332352,998,2622
1425,695064344191721472,530,1482
1426,695051054296211456,718,2443
1427,694925794720792577,824,2505
1428,694905863685980160,841,2543
1429,694669722378485760,13119,33111
1430,694356675654983680,251,1391
1431,694352839993344000,545,1885
1432,694342028726001664,432,1465
1433,694329668942569472,451,1829
1434,694206574471057408,1860,3828
1435,694183373896572928,844,2717
1436,694001791655137281,926,3148
1437,693993230313091072,360,1741
1438,693942351086120961,331,1628
1439,693647888581312512,523,2486
1440,693644216740769793,115,1267
1441,693642232151285760,379,2363
1442,693629975228977152,723,2266
1443,693622659251335168,339,1421
1444,693590843962331137,1786,4668
1445,693582294167244802,223,1524
1446,693486665285931008,572,1633
1447,693280720173801472,1126,3097
1448,693267061318012928,735,2205
1449,693262851218264065,452,2053
1450,693231807727280129,673,2663
1451,693155686491000832,2907,7276
1452,693109034023534592,552,1569
1453,693095443459342336,406,1708
1454,692919143163629568,700,2509
1455,692905862751522816,791,2245
1456,692901601640583168,540,1622
1457,692894228850999298,720,2089
1458,692828166163931137,799,2664
1459,692752401762250755,3313,6298
1460,692568918515392513,1397,4041
1461,692535307825213440,1238,2912
1462,692530551048294401,370,1709
1463,692423280028966913,198,1369
1464,692417313023332352,3146,8678
1465,692187005137076224,750,2342
1466,692158366030913536,722,1977
1467,692142790915014657,355,1514
1468,692041934689402880,1134,3130
1469,692017291282812928,873,2679
1470,691820333922455552,1499,3663
1471,691793053716221953,3840,7507
1472,691756958957883396,889,2610
1473,691675652215414786,461,1801
1474,691483041324204033,502,2208
1475,691459709405118465,1028,3742
1476,691444869282295808,755,2442
1477,691416866452082688,6933,17900
1478,691321916024623104,602,2392
1479,691096613310316544,797,2768
1480,691090071332753408,307,1606
1481,690989312272396288,2621,5456
1482,690959652130045952,1120,3326
1483,690938899477221376,1757,3781
1484,690932576555528194,911,3032
1485,690735892932222976,1158,3510
1486,690728923253055490,469,2009
1487,690690673629138944,751,2157
1488,690649993829576704,250,1202
1489,690607260360429569,14,278
1490,690597161306841088,549,1789
1491,690400367696297985,406,1747
1492,690374419777196032,764,2979
1493,690360449368465409,797,2455
1494,690348396616552449,466,1374
1495,690248561355657216,370,1544
1496,690021994562220032,925,2587
1497,690015576308211712,664,2312
1498,690005060500217858,1540,3393
1499,689999384604450816,329,1308
1500,689993469801164801,409,1349
1501,689977555533848577,410,1273
1502,689905486972461056,624,2263
1503,689877686181715968,1046,2808
1504,689835978131935233,689,2024
1505,689661964914655233,852,3004
1506,689659372465688576,3490,9548
1507,689623661272240129,581,2047
1508,689599056876867584,5033,10794
1509,689557536375177216,406,1906
1510,689517482558820352,1301,3139
1511,689289219123089408,852,2075
1512,689283819090870273,1005,3025
1513,689280876073582592,642,1831
1514,689275259254616065,225,1057
1515,689255633275777024,978,2360
1516,689154315265683456,900,2864
1517,689143371370250240,458,1870
1518,688916208532455424,774,2501
1519,688908934925697024,708,1945
1520,688898160958271489,711,1931
1521,688894073864884227,622,2063
1522,688828561667567616,326,1282
1523,688804835492233216,170,890
1524,688789766343622656,605,2062
1525,688547210804498433,627,2407
1526,688519176466644993,661,2156
1527,688385280030670848,4091,8576
1528,688211956440801280,761,2084
1529,688179443353796608,532,1982
1530,688116655151435777,701,2620
1531,688064179421470721,325,1602
1532,687841446767013888,2257,5036
1533,687826841265172480,1013,2528
1534,687818504314159109,867,2282
1535,687807801670897665,660,2204
1536,687732144991551489,598,1624
1537,687704180304273409,767,2245
1538,687664829264453632,471,1807
1539,687494652870668288,530,1764
1540,687480748861947905,222,1478
1541,687476254459715584,483,1833
1542,687460506001633280,492,1910
1543,687399393394311168,555,1753
1544,687317306314240000,8360,18687
1545,687312378585812992,1737,4020
1546,687127927494963200,2058,4982
1547,687124485711986689,462,2020
1548,687109925361856513,2242,5373
1549,687102708889812993,875,2175
1550,687096057537363968,552,2082
1551,686947101016735744,2907,7998
1552,686760001961103360,1259,3244
1553,686749460672679938,1322,3208
1554,686730991906516992,1094,3814
1555,686683045143953408,735,2612
1556,686618349602762752,1240,3416
1557,686606069955735556,492,1753
1558,686394059078897668,634,1599
1559,686386521809772549,792,3019
1560,686377065986265092,516,2052
1561,686358356425093120,602,2001
1562,686286779679375361,1528,3729
1563,686050296934563840,664,2067
1564,686035780142297088,104,1063
1565,686034024800862208,1039,2853
1566,686007916130873345,367,2285
1567,686003207160610816,563,1684
1568,685973236358713344,477,1942
1569,685943807276412928,536,1499
1570,685906723014619143,2598,6912
1571,685681090388975616,110,1889
1572,685667379192414208,511,2187
1573,685663452032069632,1335,2978
1574,685641971164143616,700,2699
1575,685547936038666240,14163,30441
1576,685532292383666176,1048,2813
1577,685325112850124800,3590,8692
1578,685321586178670592,580,2451
1579,685315239903100929,945,3035
1580,685307451701334016,397,1929
1581,685268753634967552,1078,2847
1582,685198997565345792,589,2144
1583,685169283572338688,1281,3788
1584,684969860808454144,328,2220
1585,684959798585110529,2816,6304
1586,684940049151070208,948,2968
1587,684926975086034944,417,3226
1588,684914660081053696,1326,3227
1589,684902183876321280,467,1719
1590,684880619965411328,729,1924
1591,684830982659280897,19733,32421
1592,684800227459624960,906,2517
1593,684594889858887680,3174,8195
1594,684588130326986752,1283,3817
1595,684567543613382656,1107,2765
1596,684538444857667585,858,2440
1597,684481074559381504,1073,3575
1598,684460069371654144,503,1820
1599,684241637099323392,2954,7501
1600,684225744407494656,184,1149
1601,684222868335505415,1241,3524
1602,684200372118904832,946,1988
1603,684195085588783105,457,1765
1604,684188786104872960,1054,3226
1605,684177701129875456,594,1867
1606,684147889187209216,1376,2748
1607,684122891630342144,426,1864
1608,684097758874210310,1299,3802
1609,683857920510050305,1022,3528
1610,683852578183077888,316,1797
1611,683849932751646720,857,2418
1612,683834909291606017,1025,2421
1613,683828599284170753,973,2590
1614,683773439333797890,1221,3079
1615,683742671509258241,3013,5986
1616,683515932363329536,2622,6804
1617,683498322573824003,874,2937
1618,683481228088049664,904,2455
1619,683462770029932544,620,2244
1620,683449695444799489,1460,3583
1621,683391852557561860,2181,7060
1622,683357973142474752,825,2675
1623,683142553609318400,940,2649
1624,683111407806746624,818,3148
1625,683098815881154561,589,2003
1626,683078886620553216,520,1860
1627,683030066213818368,671,2003
1628,682962037429899265,14912,33854
1629,682808988178739200,155,1631
1630,682788441537560576,1019,2287
1631,682750546109968385,398,1408
1632,682697186228989953,332,1217
1633,682662431982772225,988,2820
1634,682638830361513985,535,1913
1635,682429480204398592,1046,3187
1636,682406705142087680,1590,6979
1637,682393905736888321,598,2078
1638,682389078323662849,424,1544
1639,682303737705140231,887,2828
1640,682259524040966145,1079,3818
1641,682242692827447297,1040,2974
1642,682088079302213632,8915,16825
1643,682059653698686977,1532,4549
1644,682047327939461121,849,2954
1645,682032003584274432,1799,6072
1646,682003177596559360,1372,2875
1647,681981167097122816,922,2601
1648,681891461017812993,746,2277
1649,681694085539872773,3698,11833
1650,681679526984871937,400,1630
1651,681654059175129088,820,2427
1652,681610798867845120,419,1735
1653,681579835668455424,1179,3260
1654,681523177663676416,5216,13200
1655,681340665377193984,245,1519
1656,681339448655802368,3709,8571
1657,681320187870711809,672,2417
1658,681302363064414209,1629,3604
1659,681297372102656000,857,2966
1660,681281657291280384,998,2969
1661,681261549936340994,236,1336
1662,681242418453299201,470,1361
1663,681231109724700672,441,2244
1664,681193455364796417,1341,3424
1665,680970795137544192,586,2217
1666,680959110691590145,1825,4230
1667,680940246314430465,938,2929
1668,680934982542561280,394,1923
1669,680913438424612864,563,2216
1670,680889648562991104,326,1616
1671,680836378243002368,1185,3194
1672,680805554198020098,607,1986
1673,680801747103793152,742,2192
1674,680798457301471234,939,2612
1675,680609293079592961,629,2415
1676,680583894916304897,1193,3315
1677,680497766108381184,1736,3893
1678,680494726643068929,440,1576
1679,680473011644985345,674,2347
1680,680440374763077632,443,1330
1681,680221482581123072,262,1363
1682,680206703334408192,1050,2594
1683,680191257256136705,442,1983
1684,680176173301628928,1400,3570
1685,680161097740095489,672,2145
1686,680145970311643136,1563,3316
1687,680130881361686529,857,2119
1688,680115823365742593,830,2500
1689,680100725817409536,1253,3308
1690,680085611152338944,8160,11766
1691,680070545539371008,776,2391
1692,679877062409191424,581,1804
1693,679872969355714560,598,2016
1694,679862121895714818,557,2256
1695,679854723806179328,1104,2617
1696,679844490799091713,687,2188
1697,679828447187857408,12619,33217
1698,679777920601223168,998,2859
1699,679736210798047232,718,1917
1700,679729593985699840,749,1995
1701,679722016581222400,426,1540
1702,679530280114372609,1888,4375
1703,679527802031484928,653,2431
1704,679511351870550016,1149,3076
1705,679503373272485890,1339,2921
1706,679475951516934144,585,1928
1707,679462823135686656,17038,29456
1708,679405845277462528,1074,2168
1709,679158373988876288,7254,19469
1710,679148763231985668,927,2560
1711,679132435750195208,1036,2714
1712,679111216690831360,2316,5445
1713,679062614270468097,7216,15505
1714,679047485189439488,587,2057
1715,679001094530465792,1096,2601
1716,678991772295516161,1018,2074
1717,678969228704284672,409,1499
1718,678800283649069056,821,2357
1719,678798276842360832,1030,3169
1720,678774928607469569,821,2576
1721,678767140346941444,1230,3227
1722,678764513869611008,417,1483
1723,678755239630127104,2936,6496
1724,678740035362037760,1490,3403
1725,678708137298427904,2194,5137
1726,678675843183484930,1321,2608
1727,678643457146150913,360,1882
1728,678446151570427904,1372,3658
1729,678424312106393600,2281,5005
1730,678410210315247616,1610,3832
1731,678399652199309312,28616,73555
1732,678396796259975168,375,1460
1733,678389028614488064,383,1716
1734,678380236862578688,822,2248
1735,678341075375947776,473,1577
1736,678334497360859136,224,1184
1737,678278586130948096,5497,10426
1738,678255464182861824,327,1454
1739,678023323247357953,341,1744
1740,678021115718029313,5642,12396
1741,677961670166224897,1526,3146
1742,677918531514703872,364,1221
1743,677895101218201600,1846,4402
1744,677716515794329600,878,2786
1745,677700003327029250,1294,3118
1746,677698403548192770,286,1118
1747,677687604918272002,756,2265
1748,677673981332312066,1352,3037
1749,677662372920729601,842,1778
1750,677644091929329666,728,1713
1751,677573743309385728,600,1940
1752,677565715327688705,411,1191
1753,677557565589463040,1018,2223
1754,677547928504967168,3299,6331
1755,677530072887205888,204,970
1756,677335745548390400,1553,2763
1757,677334615166730240,253,1229
1758,677331501395156992,209,989
1759,677328882937298944,1347,3342
1760,677314812125323265,472,1502
1761,677301033169788928,355,1116
1762,677269281705472000,636,1799
1763,677228873407442944,1469,3214
1764,677187300187611136,815,2486
1765,676975532580409345,953,2530
1766,676957860086095872,720,2029
1767,676949632774234114,349,1188
1768,676948236477857792,777,1959
1769,676946864479084545,327,1577
1770,676942428000112642,668,1880
1771,676936541936185344,4438,11639
1772,676916996760600576,1619,2699
1773,676897532954456065,650,2052
1774,676864501615042560,629,1904
1775,676821958043033607,13810,20758
1776,676819651066732545,602,1657
1777,676811746707918848,379,1308
1778,676776431406465024,1805,4533
1779,676617503762681856,856,2618
1780,676613908052996102,177,987
1781,676606785097199616,387,1724
1782,676603393314578432,342,1043
1783,676593408224403456,1894,4140
1784,676590572941893632,110,841
1785,676588346097852417,701,2087
1786,676582956622721024,252,1083
1787,676575501977128964,992,2336
1788,676533798876651520,490,1702
1789,676496375194980353,471,1377
1790,676470639084101634,4187,10604
1791,676440007570247681,590,1567
1792,676430933382295552,302,1266
1793,676263575653122048,484,1895
1794,676237365392908289,251,1092
1795,676219687039057920,27813,71007
1796,676215927814406144,516,1574
1797,676191832485810177,919,2059
1798,676146341966438401,593,1755
1799,676121918416756736,1030,1969
1800,676101918813499392,1051,2586
1801,676098748976615425,1251,2684
1802,676089483918516224,392,1185
1803,675898130735476737,505,1449
1804,675891555769696257,765,1925
1805,675888385639251968,841,2119
1806,675878199931371520,1242,3784
1807,675870721063669760,500,1470
1808,675853064436391936,1137,2428
1809,675849018447167488,123,866
1810,675845657354215424,780,2049
1811,675822767435051008,475,1382
1812,675820929667219457,208,959
1813,675798442703122432,3050,9331
1814,675781562965868544,420,1459
1815,675740360753160193,296,1062
1816,675710890956750848,722,1694
1817,675707330206547968,600,1786
1818,675706639471788032,86,582
1819,675534494439489536,363,1664
1820,675531475945709568,332,1069
1821,675522403582218240,248,942
1822,675517828909424640,407,1152
1823,675501075957489664,5228,15576
1824,675497103322386432,1137,2825
1825,675489971617296384,528,1156
1826,675483430902214656,855,1668
1827,675432746517426176,503,1363
1828,675372240448454658,458,1532
1829,675362609739206656,196,943
1830,675354435921575936,14914,29525
1831,675349384339542016,2002,3536
1832,675334060156301312,1135,2492
1833,675166823650848770,1388,3180
1834,675153376133427200,2267,5609
1835,675149409102012420,1503,3356
1836,675147105808306176,200,842
1837,675146535592706048,257,1055
1838,675145476954566656,784,1919
1839,675135153782571009,413,1166
1840,675113801096802304,690,1742
1841,675111688094527488,213,867
1842,675109292475830276,1000,2523
1843,675047298674663426,275,929
1844,675015141583413248,1048,2425
1845,675006312288268288,201,876
1846,675003128568291329,406,1395
1847,674999807681908736,957,1999
1848,674805413498527744,318,767
1849,674800520222154752,750,2707
1850,674793399141146624,954,2226
1851,674790488185167872,219,986
1852,674788554665512960,181,719
1853,674781762103414784,1050,1808
1854,674774481756377088,412,991
1855,674767892831932416,692,1634
1856,674764817387900928,200,700
1857,674754018082705410,384,1229
1858,674752233200820224,402,1314
1859,674743008475090944,469,1261
1860,674742531037511680,45,430
1861,674739953134403584,327,967
1862,674737130913071104,80,580
1863,674690135443775488,413,1027
1864,674670581682434048,569,1450
1865,674664755118911488,205,812
1866,674646392044941312,430,1282
1867,674644256330530816,243,931
1868,674638615994089473,514,1519
1869,674632714662858753,503,1347
1870,674606911342424069,86,840
1871,674468880899788800,1787,5573
1872,674447403907457024,315,958
1873,674436901579923456,344,988
1874,674422304705744896,467,1286
1875,674416750885273600,117,612
1876,674410619106390016,402,1071
1877,674394782723014656,489,1337
1878,674372068062928900,280,767
1879,674330906434379776,66,507
1880,674318007229923329,450,1255
1881,674307341513269249,6048,10159
1882,674291837063053312,5151,13211
1883,674271431610523648,645,1397
1884,674269164442398721,202,825
1885,674265582246694913,734,1463
1886,674262580978937856,385,1180
1887,674255168825880576,467,1307
1888,674082852460433408,144,682
1889,674075285688614912,246,891
1890,674063288070742018,1911,5743
1891,674053186244734976,1132,2954
1892,674051556661161984,432,1294
1893,674045139690631169,566,1268
1894,674042553264685056,111,636
1895,674038233588723717,369,981
1896,674036086168010753,181,760
1897,674024893172875264,1087,1586
1898,674019345211760640,265,1017
1899,674014384960745472,560,1390
1900,674008982932058114,301,1084
1901,673956914389192708,839,1752
1902,673919437611909120,327,1057
1903,673906403526995968,1438,2850
1904,673887867907739649,221,844
1905,673716320723169284,670,2788
1906,673715861853720576,1815,3165
1907,673711475735838725,265,941
1908,673709992831262724,236,755
1909,673708611235921920,256,954
1910,673707060090052608,346,991
1911,673705679337693185,359,1125
1912,673700254269775872,501,1282
1913,673697980713705472,1697,3518
1914,673689733134946305,571,1545
1915,673688752737402881,440,1127
1916,673686845050527744,377,1276
1917,673680198160809984,418,1229
1918,673662677122719744,328,1131
1919,673656262056419329,199,650
1920,673636718965334016,309,994
1921,673612854080196609,632,1426
1922,673583129559498752,314,1069
1923,673580926094458881,239,738
1924,673576835670777856,488,1235
1925,673363615379013632,267,932
1926,673359818736984064,594,1289
1927,673355879178194945,495,1345
1928,673352124999274496,475,1496
1929,673350198937153538,185,687
1930,673345638550134785,1104,2233
1931,673343217010679808,235,861
1932,673342308415348736,492,1141
1933,673320132811366400,6903,11986
1934,673317986296586240,216,783
1935,673295268553605120,2755,6739
1936,673270968295534593,313,960
1937,673240798075449344,618,1279
1938,673213039743795200,724,1979
1939,673148804208660480,550,1494
1940,672997845381865473,631,1756
1941,672995267319328768,254,845
1942,672988786805112832,254,879
1943,672984142909456390,471,1120
1944,672980819271634944,892,1630
1945,672975131468300288,783,1498
1946,672970152493887488,305,841
1947,672968025906282496,471,1186
1948,672964561327235073,557,1262
1949,672902681409806336,425,1234
1950,672898206762672129,363,795
1951,672884426393653248,731,1372
1952,672877615439593473,303,909
1953,672834301050937345,504,1158
1954,672828477930868736,419,1110
1955,672640509974827008,272,875
1956,672622327801233409,423,1152
1957,672614745925664768,512,1092
1958,672609152938721280,338,972
1959,672604026190569472,337,974
1960,672594978741354496,531,1181
1961,672591762242805761,286,846
1962,672591271085670400,157,643
1963,672538107540070400,318,903
1964,672523490734551040,146,553
1965,672488522314567680,373,990
1966,672482722825261057,520,992
1967,672481316919734272,110,640
1968,672475084225949696,608,1299
1969,672466075045466113,448,1192
1970,672272411274932228,2942,5731
1971,672267570918129665,539,1318
1972,672264251789176834,287,1012
1973,672256522047614977,1330,2516
1974,672254177670729728,652,1277
1975,672248013293752320,524,1533
1976,672245253877968896,132,608
1977,672239279297454080,276,806
1978,672231046314901505,876,1624
1979,672222792075620352,176,703
1980,672205392827572224,1010,1994
1981,672169685991993344,320,908
1982,672160042234327040,304,766
1983,672139350159835138,597,1548
1984,672125275208069120,993,2120
1985,672095186491711488,328,879
1986,672082170312290304,319,840
1987,672068090318987265,440,1142
1988,671896809300709376,3679,7631
1989,671891728106971137,484,1176
1990,671882082306625538,1215,3117
1991,671879137494245376,575,1249
1992,671874878652489728,479,1107
1993,671866342182637568,420,999
1994,671855973984772097,374,794
1995,671789708968640512,3006,6333
1996,671768281401958400,435,1049
1997,671763349865160704,776,1495
1998,671744970634719232,667,1211
1999,671743150407421952,202,676
2000,671735591348891648,657,1290
2001,671729906628341761,3811,7504
2002,671561002136281088,6327,11404
2003,671550332464455680,183,811
2004,671547767500775424,499,1205
2005,671544874165002241,889,1733
2006,671542985629241344,487,964
2007,671538301157904385,336,837
2008,671536543010570240,344,1037
2009,671533943490011136,497,899
2010,671528761649688577,217,740
2011,671520732782923777,454,1223
2012,671518598289059840,253,832
2013,671511350426865664,606,1429
2014,671504605491109889,3133,6246
2015,671497587707535361,391,828
2016,671488513339211776,415,886
2017,671486386088865792,173,512
2018,671485057807351808,196,679
2019,671390180817915904,654,1280
2020,671362598324076544,258,981
2021,671357843010908160,133,351
2022,671355857343524864,105,421
2023,671347597085433856,371,835
2024,671186162933985280,176,642
2025,671182547775299584,284,980
2026,671166507850801152,302,783
2027,671163268581498880,969,1463
2028,671159727754231808,69,314
2029,671154572044468225,186,626
2030,671151324042559489,128,587
2031,671147085991960577,192,587
2032,671141549288370177,572,1025
2033,671138694582165504,344,823
2034,671134062904504320,163,655
2035,671122204919246848,2190,3092
2036,671115716440031232,674,1218
2037,671109016219725825,378,1006
2038,670995969505435648,245,970
2039,670842764863651840,7582,22103
2040,670840546554966016,166,524
2041,670838202509447168,599,984
2042,670833812859932673,109,382
2043,670832455012716544,184,647
2044,670826280409919488,3516,4877
2045,670823764196741120,162,677
2046,670822709593571328,83,545
2047,670815497391357952,1323,2792
2048,670811965569282048,231,985
2049,670807719151067136,428,1051
2050,670804601705242624,822,1743
2051,670803562457407488,78,304
2052,670797304698376195,203,661
2053,670792680469889025,238,734
2054,670789397210615808,210,585
2055,670786190031921152,171,530
2056,670783437142401025,331,726
2057,670782429121134593,662,1351
2058,670780561024270336,249,703
2059,670778058496974848,62,298
2060,670764103623966721,371,959
2061,670755717859713024,89,393
2062,670733412878163972,446,851
2063,670727704916926465,314,737
2064,670717338665226240,419,1053
2065,670704688707301377,319,687
2066,670691627984359425,209,521
2067,670679630144274432,243,666
2068,670676092097810432,35,215
2069,670668383499735048,4327,9475
2070,670474236058800128,634,1341
2071,670468609693655041,77,317
2072,670465786746662913,467,855
2073,670452855871037440,174,489
2074,670449342516494336,571,1076
2075,670444955656130560,1747,6064
2076,670442337873600512,175,581
2077,670435821946826752,438,940
2078,670434127938719744,562,1257
2079,670433248821026816,100,296
2080,670428280563085312,524,1234
2081,670427002554466305,142,465
2082,670421925039075328,552,1149
2083,670420569653809152,265,541
2084,670417414769758208,282,501
2085,670411370698022913,772,1797
2086,670408998013820928,188,486
2087,670403879788544000,130,378
2088,670385711116361728,173,494
2089,670374371102445568,238,670
2090,670361874861563904,55,289
2091,670338931251150849,96,374
2092,670319130621435904,1068,3473
2093,670303360680108032,107,383
2094,670290420111441920,250,623
2095,670093938074779648,278,911
2096,670086499208155136,218,623
2097,670079681849372674,1057,1956
2098,670073503555706880,681,1386
2099,670069087419133954,205,554
2100,670061506722140161,290,668
2101,670055038660800512,279,592
2102,670046952931721218,152,576
2103,670040295598354432,97,659
2104,670037189829525505,240,527
2105,670003130994700288,77,296
2106,669993076832759809,70,288
2107,669972011175813120,134,396
2108,669970042633789440,43,272
2109,669942763794931712,133,445
2110,669926384437997569,81,339
2111,669923323644657664,50,202
2112,669753178989142016,341,710
2113,669749430875258880,55,229
2114,669684865554620416,75,448
2115,669683899023405056,94,339
2116,669682095984410625,116,312
2117,669680153564442624,245,588
2118,669661792646373376,367,715
2119,669625907762618368,1573,3130
2120,669603084620980224,316,846
2121,669597912108789760,133,447
2122,669583744538451968,805,1323
2123,669573570759163904,120,388
2124,669571471778410496,884,1409
2125,669567591774625800,45,202
2126,669564461267722241,104,337
2127,669393256313184256,62,313
2128,669375718304980992,634,1181
2129,669371483794317312,148,438
2130,669367896104181761,131,406
2131,669363888236994561,202,557
2132,669359674819481600,103,332
2133,669354382627049472,1095,2394
2134,669353438988365824,229,566
2135,669351434509529089,157,382
2136,669328503091937280,367,908
2137,669327207240699904,102,497
2138,669324657376567296,182,440
2139,669216679721873412,348,1059
2140,669214165781868544,135,385
2141,669203728096960512,409,890
2142,669037058363662336,266,573
2143,669015743032369152,324,651
2144,669006782128353280,209,511
2145,669000397445533696,5531,18714
2146,668994913074286592,191,391
2147,668992363537309700,294,659
2148,668989615043424256,288,596
2149,668988183816871936,391,800
2150,668986018524233728,140,479
2151,668981893510119424,259,483
2152,668979806671884288,294,706
2153,668975677807423489,497,1158
2154,668967877119254528,18,127
2155,668960084974809088,210,620
2156,668955713004314625,63,241
2157,668932921458302977,50,227
2158,668902994700836864,88,276
2159,668892474547511297,126,354
2160,668872652652679168,268,477
2161,668852170888998912,139,410
2162,668826086256599040,112,384
2163,668815180734689280,227,494
2164,668779399630725120,325,629
2165,668655139528511488,190,474
2166,668645506898350081,459,775
2167,668643542311546881,447,788
2168,668641109086707712,468,944
2169,668636665813057536,435,922
2170,668633411083464705,1385,2470
2171,668631377374486528,281,618
2172,668627278264475648,97,281
2173,668625577880875008,111,330
2174,668623201287675904,655,1248
2175,668620235289837568,35,181
2176,668614819948453888,272,545
2177,668587383441514497,923,1478
2178,668567822092664832,46,206
2179,668544745690562560,197,453
2180,668542336805281792,182,403
2181,668537837512433665,61,226
2182,668528771708952576,189,404
2183,668507509523615744,87,279
2184,668496999348633600,114,359
2185,668484198282485761,208,372
2186,668480044826800133,128,397
2187,668466899341221888,443,770
2188,668297328638447616,255,557
2189,668291999406125056,28,213
2190,668286279830867968,118,436
2191,668274247790391296,198,722
2192,668268907921326080,206,485
2193,668256321989451776,518,1154
2194,668248472370458624,408,843
2195,668237644992782336,2427,5456
2196,668226093875376128,85,247
2197,668221241640230912,169,452
2198,668204964695683073,173,489
2199,668190681446379520,171,577
2200,668171859951755264,162,425
2201,668154635664932864,273,440
2202,668142349051129856,239,510
2203,668113020489474048,208,586
2204,667937095915278337,695,1116
2205,667924896115245057,95,264
2206,667915453470232577,46,184
2207,667911425562669056,246,431
2208,667902449697558528,334,759
2209,667886921285246976,908,1649
2210,667885044254572545,400,730
2211,667878741721415682,101,349
2212,667873844930215936,340,553
2213,667866724293877760,901,2718
2214,667861340749471744,69,221
2215,667832474953625600,55,255
2216,667806454573760512,417,931
2217,667801013445750784,82,283
2218,667793409583771648,286,609
2219,667782464991965184,210,363
2220,667773195014021121,44,204
2221,667766675769573376,185,373
2222,667728196545200128,127,325
2223,667724302356258817,268,424
2224,667550904950915073,29,0
2225,667550882905632768,26,0
2226,667549055577362432,1961,5114
2227,667546741521195010,107,303
2228,667544320556335104,458,762
2229,667538891197542400,58,176
2230,667534815156183040,446,719
2231,667530908589760512,207,412
2232,667524857454854144,970,1507
2233,667517642048163840,166,332
2234,667509364010450944,1867,6069
2235,667502640335572993,194,485
2236,667495797102141441,232,458
2237,667491009379606528,190,459
2238,667470559035432960,85,225
2239,667455448082227200,53,171
2240,667453023279554560,74,279
2241,667443425659232256,490,682
2242,667437278097252352,199,396
2243,667435689202614272,76,266
2244,667405339315146752,197,412
2245,667393430834667520,50,168
2246,667369227918143488,145,328
2247,667211855547486208,210,425
2248,667200525029539841,228,546
2249,667192066997374976,86,332
2250,667188689915760640,333,643
2251,667182792070062081,5279,12549
2252,667177989038297088,48,166
2253,667176164155375616,388,528
2254,667174963120574464,70,218
2255,667171260800061440,72,186
2256,667165590075940865,972,2379
2257,667160273090932737,50,219
2258,667152164079423490,14624,42316
2259,667138269671505920,1875,4018
2260,667119796878725120,106,286
2261,667090893657276420,106,287
2262,667073648344346624,104,352
2263,667070482143944705,13,72
2264,667065535570550784,40,143
2265,667062181243039745,45,192
2266,667044094246576128,43,163
2267,667012601033924608,187,395
2268,666996132027977728,79,214
2269,666983947667116034,847,2250
2270,666837028449972224,474,703
2271,666835007768551424,66,185
2272,666826780179869698,79,220
2273,666817836334096384,212,444
2274,666804364988780544,79,206
2275,666786068205871104,410,659
2276,666781792255496192,169,327
2277,666776908487630848,150,305
2278,666739327293083650,60,209
2279,666701168228331520,182,371
2280,666691418707132416,42,161
2281,666649482315059201,524,994
2282,666644823164719104,70,208
2283,666454714377183233,180,448
2284,666447344410484738,19,90
2285,666437273139982337,40,106
2286,666435652385423360,42,138
2287,666430724426358785,160,278
2288,666428276349472768,67,139
2289,666421158376562688,92,273
2290,666418789513326592,39,107
2291,666411507551481857,262,371
2292,666407126856765440,30,93
2293,666396247373291520,69,147
2294,666373753744588802,73,163
2295,666362758909284353,471,649
2296,666353288456101888,58,179
2297,666345417576210432,125,244
2298,666337882303524864,79,168
2299,666293911632134144,291,426
2300,666287406224695296,57,123
2301,666273097616637952,68,152
2302,666268910803644416,38,99
2303,666104133288665088,5492,12910
2304,666102155909144576,11,66
2305,666099513787052032,53,134
2306,666094000022159362,63,143
2307,666082916733198337,37,93
2308,666073100786774016,132,274
2309,666071193221509120,51,127
2310,666063827256086533,180,400
2311,666058600524156928,47,99
2312,666057090499244032,112,247
2313,666055525042405380,196,367
2314,666051853826850816,704,1028
2315,666050758794694657,50,115
2316,666049248165822465,37,89
2317,666044226329800704,115,247
2318,666033412701032449,36,100
2319,666029285002620928,39,112
2320,666020888022790149,423,2293
